1
12
78
364
1365
4368
12376
31824
75582
167960
352703
705276
1351064
2491412
4439655
7669376
12877007
21060468
33614724
52443820
80087085
119854800
175965790
253676280
-638858183
500705920
-311779508
-71604133
233942317
-381741286
89744729
661774694
-651510647
151685968
82724255
142239462
327941444
-366304177
41716330
-465719316
79399306
643174478
-813231856
653278319
-1043912
163401120
92797052
-266416766
35069419
-42658946
-531501443
545115596
186297022
-600933942
204133120
-353821845
773511786
-340875419
371908362
0
-371908362
340875419
-773511786
353821845
-204133120
600933942
-186297022
-545115596
531501443
42658946
-35069419
266416766
-92797052
-163401120
1043912
-653278319
813231856
-643174478
-79399306
465719316
-41716330
366304177
-327941444
-142239462
-82724255
-151685968
651510647
-661774694
-89744729
381741286
-233942317
71604133
311779508
-500705920
638858183
-253676280
-175965790
-119854800
-80087085
-52443820
-33614724
-21060468
-12877007
-7669376
-4439655
-2491412
-1351064
-705276
-352703
-167960
-75582
-31824
-12376
-4368
-1365
-364
-78
-12
649133442
