169000000000000000000000000000000
961000000000000000000000000000000
106090000000000000000000000000000
906010000000000000000000000000000
100600900000000000000000000000000
900600100000000000000000000000000
100060009000000000000000000000000
900060001000000000000000000000000
100006000090000000000000000000000
900006000010000000000000000000000
100000600000900000000000000000000
900000600000100000000000000000000
100000060000009000000000000000000
900000060000001000000000000000000
100000006000000090000000000000000
900000006000000010000000000000000
100000000600000000900000000000000
900000000600000000100000000000000
100000000060000000009000000000000
900000000060000000001000000000000
100000000006000000000090000000000
900000000006000000000010000000000
100000000000600000000000900000000
900000000000600000000000100000000
100000000000060000000000009000000
900000000000060000000000001000000
100000000000006000000000000090000
900000000000006000000000000010000
100000000000000600000000000000900
900000000000000600000000000000100
100000000000000060000000000000009
900000000000000060000000000000001
196000000000000000000000000000000
16900000000000000000000000000000000
96100000000000000000000000000000000
10609000000000000000000000000000000
90601000000000000000000000000000000
10060090000000000000000000000000000
90060010000000000000000000000000000
10006000900000000000000000000000000
90006000100000000000000000000000000
10000600009000000000000000000000000
90000600001000000000000000000000000
10000060000090000000000000000000000
90000060000010000000000000000000000
10000006000000900000000000000000000
90000006000000100000000000000000000
10000000600000009000000000000000000
90000000600000001000000000000000000
10000000060000000090000000000000000
90000000060000000010000000000000000
10000000006000000000900000000000000
90000000006000000000100000000000000
10000000000600000000009000000000000
90000000000600000000001000000000000
10000000000060000000000090000000000
90000000000060000000000010000000000
10000000000006000000000000900000000
90000000000006000000000000100000000
10000000000000600000000000009000000
90000000000000600000000000001000000
10000000000000060000000000000090000
90000000000000060000000000000010000
10000000000000006000000000000000900
90000000000000006000000000000000100
10000000000000000600000000000000009
90000000000000000600000000000000001
19600000000000000000000000000000000
1690000000000000000000000000000000000
9610000000000000000000000000000000000
1060900000000000000000000000000000000
9060100000000000000000000000000000000
1006009000000000000000000000000000000
9006001000000000000000000000000000000
1000600090000000000000000000000000000
9000600010000000000000000000000000000
1000060000900000000000000000000000000
9000060000100000000000000000000000000
1000006000009000000000000000000000000
9000006000001000000000000000000000000
1000000600000090000000000000000000000
9000000600000010000000000000000000000
1000000060000000900000000000000000000
9000000060000000100000000000000000000
1000000006000000009000000000000000000
9000000006000000001000000000000000000
1000000000600000000090000000000000000
9000000000600000000010000000000000000
1000000000060000000000900000000000000
9000000000060000000000100000000000000
1000000000006000000000009000000000000
9000000000006000000000001000000000000
1000000000000600000000000090000000000
9000000000000600000000000010000000000
1000000000000060000000000000900000000
9000000000000060000000000000100000000
1000000000000006000000000000009000000
9000000000000006000000000000001000000
1000000000000000600000000000000090000
9000000000000000600000000000000010000
1000000000000000060000000000000000900
9000000000000000060000000000000000100
1000000000000000006000000000000000009
9000000000000000006000000000000000001
1960000000000000000000000000000000000
169000000000000000000000000000000000000000000000000000000000000000000000000000000000000000000000000
961000000000000000000000000000000000000000000000000000000000000000000000000000000000000000000000000
106090000000000000000000000000000000000000000000000000000000000000000000000000000000000000000000000
906010000000000000000000000000000000000000000000000000000000000000000000000000000000000000000000000
100600900000000000000000000000000000000000000000000000000000000000000000000000000000000000000000000
900600100000000000000000000000000000000000000000000000000000000000000000000000000000000000000000000
100060009000000000000000000000000000000000000000000000000000000000000000000000000000000000000000000
900060001000000000000000000000000000000000000000000000000000000000000000000000000000000000000000000
100006000090000000000000000000000000000000000000000000000000000000000000000000000000000000000000000
900006000010000000000000000000000000000000000000000000000000000000000000000000000000000000000000000
100000600000900000000000000000000000000000000000000000000000000000000000000000000000000000000000000
900000600000100000000000000000000000000000000000000000000000000000000000000000000000000000000000000
100000060000009000000000000000000000000000000000000000000000000000000000000000000000000000000000000
900000060000001000000000000000000000000000000000000000000000000000000000000000000000000000000000000
100000006000000090000000000000000000000000000000000000000000000000000000000000000000000000000000000
900000006000000010000000000000000000000000000000000000000000000000000000000000000000000000000000000
100000000600000000900000000000000000000000000000000000000000000000000000000000000000000000000000000
900000000600000000100000000000000000000000000000000000000000000000000000000000000000000000000000000
100000000060000000009000000000000000000000000000000000000000000000000000000000000000000000000000000
900000000060000000001000000000000000000000000000000000000000000000000000000000000000000000000000000
100000000006000000000090000000000000000000000000000000000000000000000000000000000000000000000000000
900000000006000000000010000000000000000000000000000000000000000000000000000000000000000000000000000
100000000000600000000000900000000000000000000000000000000000000000000000000000000000000000000000000
900000000000600000000000100000000000000000000000000000000000000000000000000000000000000000000000000
100000000000060000000000009000000000000000000000000000000000000000000000000000000000000000000000000
900000000000060000000000001000000000000000000000000000000000000000000000000000000000000000000000000
100000000000006000000000000090000000000000000000000000000000000000000000000000000000000000000000000
900000000000006000000000000010000000000000000000000000000000000000000000000000000000000000000000000
100000000000000600000000000000900000000000000000000000000000000000000000000000000000000000000000000
900000000000000600000000000000100000000000000000000000000000000000000000000000000000000000000000000
100000000000000060000000000000009000000000000000000000000000000000000000000000000000000000000000000
900000000000000060000000000000001000000000000000000000000000000000000000000000000000000000000000000
100000000000000006000000000000000090000000000000000000000000000000000000000000000000000000000000000
900000000000000006000000000000000010000000000000000000000000000000000000000000000000000000000000000
100000000000000000600000000000000000900000000000000000000000000000000000000000000000000000000000000
900000000000000000600000000000000000100000000000000000000000000000000000000000000000000000000000000
100000000000000000060000000000000000009000000000000000000000000000000000000000000000000000000000000
900000000000000000060000000000000000001000000000000000000000000000000000000000000000000000000000000
100000000000000000006000000000000000000090000000000000000000000000000000000000000000000000000000000
900000000000000000006000000000000000000010000000000000000000000000000000000000000000000000000000000
100000000000000000000600000000000000000000900000000000000000000000000000000000000000000000000000000
900000000000000000000600000000000000000000100000000000000000000000000000000000000000000000000000000
100000000000000000000060000000000000000000009000000000000000000000000000000000000000000000000000000
900000000000000000000060000000000000000000001000000000000000000000000000000000000000000000000000000
100000000000000000000006000000000000000000000090000000000000000000000000000000000000000000000000000
900000000000000000000006000000000000000000000010000000000000000000000000000000000000000000000000000
100000000000000000000000600000000000000000000000900000000000000000000000000000000000000000000000000
900000000000000000000000600000000000000000000000100000000000000000000000000000000000000000000000000
100000000000000000000000060000000000000000000000009000000000000000000000000000000000000000000000000
900000000000000000000000060000000000000000000000001000000000000000000000000000000000000000000000000
100000000000000000000000006000000000000000000000000090000000000000000000000000000000000000000000000
900000000000000000000000006000000000000000000000000010000000000000000000000000000000000000000000000
100000000000000000000000000600000000000000000000000000900000000000000000000000000000000000000000000
900000000000000000000000000600000000000000000000000000100000000000000000000000000000000000000000000
100000000000000000000000000060000000000000000000000000009000000000000000000000000000000000000000000
900000000000000000000000000060000000000000000000000000001000000000000000000000000000000000000000000
100000000000000000000000000006000000000000000000000000000090000000000000000000000000000000000000000
900000000000000000000000000006000000000000000000000000000010000000000000000000000000000000000000000
100000000000000000000000000000600000000000000000000000000000900000000000000000000000000000000000000
900000000000000000000000000000600000000000000000000000000000100000000000000000000000000000000000000
100000000000000000000000000000060000000000000000000000000000009000000000000000000000000000000000000
900000000000000000000000000000060000000000000000000000000000001000000000000000000000000000000000000
100000000000000000000000000000006000000000000000000000000000000090000000000000000000000000000000000
900000000000000000000000000000006000000000000000000000000000000010000000000000000000000000000000000
100000000000000000000000000000000600000000000000000000000000000000900000000000000000000000000000000
900000000000000000000000000000000600000000000000000000000000000000100000000000000000000000000000000
100000000000000000000000000000000060000000000000000000000000000000009000000000000000000000000000000
900000000000000000000000000000000060000000000000000000000000000000001000000000000000000000000000000
100000000000000000000000000000000006000000000000000000000000000000000090000000000000000000000000000
900000000000000000000000000000000006000000000000000000000000000000000010000000000000000000000000000
100000000000000000000000000000000000600000000000000000000000000000000000900000000000000000000000000
900000000000000000000000000000000000600000000000000000000000000000000000100000000000000000000000000
100000000000000000000000000000000000060000000000000000000000000000000000009000000000000000000000000
900000000000000000000000000000000000060000000000000000000000000000000000001000000000000000000000000
100000000000000000000000000000000000006000000000000000000000000000000000000090000000000000000000000
900000000000000000000000000000000000006000000000000000000000000000000000000010000000000000000000000
100000000000000000000000000000000000000600000000000000000000000000000000000000900000000000000000000
900000000000000000000000000000000000000600000000000000000000000000000000000000100000000000000000000
100000000000000000000000000000000000000060000000000000000000000000000000000000009000000000000000000
900000000000000000000000000000000000000060000000000000000000000000000000000000001000000000000000000
100000000000000000000000000000000000000006000000000000000000000000000000000000000090000000000000000
900000000000000000000000000000000000000006000000000000000000000000000000000000000010000000000000000
100000000000000000000000000000000000000000600000000000000000000000000000000000000000900000000000000
900000000000000000000000000000000000000000600000000000000000000000000000000000000000100000000000000
100000000000000000000000000000000000000000060000000000000000000000000000000000000000009000000000000
900000000000000000000000000000000000000000060000000000000000000000000000000000000000001000000000000
100000000000000000000000000000000000000000006000000000000000000000000000000000000000000090000000000
900000000000000000000000000000000000000000006000000000000000000000000000000000000000000010000000000
100000000000000000000000000000000000000000000600000000000000000000000000000000000000000000900000000
900000000000000000000000000000000000000000000600000000000000000000000000000000000000000000100000000
100000000000000000000000000000000000000000000060000000000000000000000000000000000000000000009000000
900000000000000000000000000000000000000000000060000000000000000000000000000000000000000000001000000
100000000000000000000000000000000000000000000006000000000000000000000000000000000000000000000090000
900000000000000000000000000000000000000000000006000000000000000000000000000000000000000000000010000
100000000000000000000000000000000000000000000000600000000000000000000000000000000000000000000000900
900000000000000000000000000000000000000000000000600000000000000000000000000000000000000000000000100
100000000000000000000000000000000000000000000000060000000000000000000000000000000000000000000000009
900000000000000000000000000000000000000000000000060000000000000000000000000000000000000000000000001
196000000000000000000000000000000000000000000000000000000000000000000000000000000000000000000000000
169000000000000000000000000000000000000000000000000000000
961000000000000000000000000000000000000000000000000000000
106090000000000000000000000000000000000000000000000000000
906010000000000000000000000000000000000000000000000000000
100600900000000000000000000000000000000000000000000000000
900600100000000000000000000000000000000000000000000000000
100060009000000000000000000000000000000000000000000000000
900060001000000000000000000000000000000000000000000000000
100006000090000000000000000000000000000000000000000000000
900006000010000000000000000000000000000000000000000000000
100000600000900000000000000000000000000000000000000000000
900000600000100000000000000000000000000000000000000000000
100000060000009000000000000000000000000000000000000000000
900000060000001000000000000000000000000000000000000000000
100000006000000090000000000000000000000000000000000000000
900000006000000010000000000000000000000000000000000000000
100000000600000000900000000000000000000000000000000000000
900000000600000000100000000000000000000000000000000000000
100000000060000000009000000000000000000000000000000000000
900000000060000000001000000000000000000000000000000000000
100000000006000000000090000000000000000000000000000000000
900000000006000000000010000000000000000000000000000000000
100000000000600000000000900000000000000000000000000000000
900000000000600000000000100000000000000000000000000000000
100000000000060000000000009000000000000000000000000000000
900000000000060000000000001000000000000000000000000000000
100000000000006000000000000090000000000000000000000000000
900000000000006000000000000010000000000000000000000000000
100000000000000600000000000000900000000000000000000000000
900000000000000600000000000000100000000000000000000000000
100000000000000060000000000000009000000000000000000000000
900000000000000060000000000000001000000000000000000000000
100000000000000006000000000000000090000000000000000000000
900000000000000006000000000000000010000000000000000000000
100000000000000000600000000000000000900000000000000000000
900000000000000000600000000000000000100000000000000000000
100000000000000000060000000000000000009000000000000000000
900000000000000000060000000000000000001000000000000000000
100000000000000000006000000000000000000090000000000000000
900000000000000000006000000000000000000010000000000000000
100000000000000000000600000000000000000000900000000000000
900000000000000000000600000000000000000000100000000000000
100000000000000000000060000000000000000000009000000000000
900000000000000000000060000000000000000000001000000000000
100000000000000000000006000000000000000000000090000000000
900000000000000000000006000000000000000000000010000000000
100000000000000000000000600000000000000000000000900000000
900000000000000000000000600000000000000000000000100000000
100000000000000000000000060000000000000000000000009000000
900000000000000000000000060000000000000000000000001000000
100000000000000000000000006000000000000000000000000090000
900000000000000000000000006000000000000000000000000010000
100000000000000000000000000600000000000000000000000000900
900000000000000000000000000600000000000000000000000000100
100000000000000000000000000060000000000000000000000000009
900000000000000000000000000060000000000000000000000000001
196000000000000000000000000000000000000000000000000000000
1690000000000000000000000000000000000000000000000000000000000000000000000000000
9610000000000000000000000000000000000000000000000000000000000000000000000000000
1060900000000000000000000000000000000000000000000000000000000000000000000000000
9060100000000000000000000000000000000000000000000000000000000000000000000000000
1006009000000000000000000000000000000000000000000000000000000000000000000000000
9006001000000000000000000000000000000000000000000000000000000000000000000000000
1000600090000000000000000000000000000000000000000000000000000000000000000000000
9000600010000000000000000000000000000000000000000000000000000000000000000000000
1000060000900000000000000000000000000000000000000000000000000000000000000000000
9000060000100000000000000000000000000000000000000000000000000000000000000000000
1000006000009000000000000000000000000000000000000000000000000000000000000000000
9000006000001000000000000000000000000000000000000000000000000000000000000000000
1000000600000090000000000000000000000000000000000000000000000000000000000000000
9000000600000010000000000000000000000000000000000000000000000000000000000000000
1000000060000000900000000000000000000000000000000000000000000000000000000000000
9000000060000000100000000000000000000000000000000000000000000000000000000000000
1000000006000000009000000000000000000000000000000000000000000000000000000000000
9000000006000000001000000000000000000000000000000000000000000000000000000000000
1000000000600000000090000000000000000000000000000000000000000000000000000000000
9000000000600000000010000000000000000000000000000000000000000000000000000000000
1000000000060000000000900000000000000000000000000000000000000000000000000000000
9000000000060000000000100000000000000000000000000000000000000000000000000000000
1000000000006000000000009000000000000000000000000000000000000000000000000000000
9000000000006000000000001000000000000000000000000000000000000000000000000000000
1000000000000600000000000090000000000000000000000000000000000000000000000000000
9000000000000600000000000010000000000000000000000000000000000000000000000000000
1000000000000060000000000000900000000000000000000000000000000000000000000000000
9000000000000060000000000000100000000000000000000000000000000000000000000000000
1000000000000006000000000000009000000000000000000000000000000000000000000000000
9000000000000006000000000000001000000000000000000000000000000000000000000000000
1000000000000000600000000000000090000000000000000000000000000000000000000000000
9000000000000000600000000000000010000000000000000000000000000000000000000000000
1000000000000000060000000000000000900000000000000000000000000000000000000000000
9000000000000000060000000000000000100000000000000000000000000000000000000000000
1000000000000000006000000000000000009000000000000000000000000000000000000000000
9000000000000000006000000000000000001000000000000000000000000000000000000000000
1000000000000000000600000000000000000090000000000000000000000000000000000000000
9000000000000000000600000000000000000010000000000000000000000000000000000000000
1000000000000000000060000000000000000000900000000000000000000000000000000000000
9000000000000000000060000000000000000000100000000000000000000000000000000000000
1000000000000000000006000000000000000000009000000000000000000000000000000000000
9000000000000000000006000000000000000000001000000000000000000000000000000000000
1000000000000000000000600000000000000000000090000000000000000000000000000000000
9000000000000000000000600000000000000000000010000000000000000000000000000000000
1000000000000000000000060000000000000000000000900000000000000000000000000000000
9000000000000000000000060000000000000000000000100000000000000000000000000000000
1000000000000000000000006000000000000000000000009000000000000000000000000000000
9000000000000000000000006000000000000000000000001000000000000000000000000000000
1000000000000000000000000600000000000000000000000090000000000000000000000000000
9000000000000000000000000600000000000000000000000010000000000000000000000000000
1000000000000000000000000060000000000000000000000000900000000000000000000000000
9000000000000000000000000060000000000000000000000000100000000000000000000000000
1000000000000000000000000006000000000000000000000000009000000000000000000000000
9000000000000000000000000006000000000000000000000000001000000000000000000000000
1000000000000000000000000000600000000000000000000000000090000000000000000000000
9000000000000000000000000000600000000000000000000000000010000000000000000000000
1000000000000000000000000000060000000000000000000000000000900000000000000000000
9000000000000000000000000000060000000000000000000000000000100000000000000000000
1000000000000000000000000000006000000000000000000000000000009000000000000000000
9000000000000000000000000000006000000000000000000000000000001000000000000000000
1000000000000000000000000000000600000000000000000000000000000090000000000000000
9000000000000000000000000000000600000000000000000000000000000010000000000000000
1000000000000000000000000000000060000000000000000000000000000000900000000000000
9000000000000000000000000000000060000000000000000000000000000000100000000000000
1000000000000000000000000000000006000000000000000000000000000000009000000000000
9000000000000000000000000000000006000000000000000000000000000000001000000000000
1000000000000000000000000000000000600000000000000000000000000000000090000000000
9000000000000000000000000000000000600000000000000000000000000000000010000000000
1000000000000000000000000000000000060000000000000000000000000000000000900000000
9000000000000000000000000000000000060000000000000000000000000000000000100000000
1000000000000000000000000000000000006000000000000000000000000000000000009000000
9000000000000000000000000000000000006000000000000000000000000000000000001000000
1000000000000000000000000000000000000600000000000000000000000000000000000090000
9000000000000000000000000000000000000600000000000000000000000000000000000010000
1000000000000000000000000000000000000060000000000000000000000000000000000000900
9000000000000000000000000000000000000060000000000000000000000000000000000000100
1000000000000000000000000000000000000006000000000000000000000000000000000000009
9000000000000000000000000000000000000006000000000000000000000000000000000000001
1960000000000000000000000000000000000000000000000000000000000000000000000000000
16900000000000000000000000000000000000000000000000000000000000000000000
96100000000000000000000000000000000000000000000000000000000000000000000
10609000000000000000000000000000000000000000000000000000000000000000000
90601000000000000000000000000000000000000000000000000000000000000000000
10060090000000000000000000000000000000000000000000000000000000000000000
90060010000000000000000000000000000000000000000000000000000000000000000
10006000900000000000000000000000000000000000000000000000000000000000000
90006000100000000000000000000000000000000000000000000000000000000000000
10000600009000000000000000000000000000000000000000000000000000000000000
90000600001000000000000000000000000000000000000000000000000000000000000
10000060000090000000000000000000000000000000000000000000000000000000000
90000060000010000000000000000000000000000000000000000000000000000000000
10000006000000900000000000000000000000000000000000000000000000000000000
90000006000000100000000000000000000000000000000000000000000000000000000
10000000600000009000000000000000000000000000000000000000000000000000000
90000000600000001000000000000000000000000000000000000000000000000000000
10000000060000000090000000000000000000000000000000000000000000000000000
90000000060000000010000000000000000000000000000000000000000000000000000
10000000006000000000900000000000000000000000000000000000000000000000000
90000000006000000000100000000000000000000000000000000000000000000000000
10000000000600000000009000000000000000000000000000000000000000000000000
90000000000600000000001000000000000000000000000000000000000000000000000
10000000000060000000000090000000000000000000000000000000000000000000000
90000000000060000000000010000000000000000000000000000000000000000000000
10000000000006000000000000900000000000000000000000000000000000000000000
90000000000006000000000000100000000000000000000000000000000000000000000
10000000000000600000000000009000000000000000000000000000000000000000000
90000000000000600000000000001000000000000000000000000000000000000000000
10000000000000060000000000000090000000000000000000000000000000000000000
90000000000000060000000000000010000000000000000000000000000000000000000
10000000000000006000000000000000900000000000000000000000000000000000000
90000000000000006000000000000000100000000000000000000000000000000000000
10000000000000000600000000000000009000000000000000000000000000000000000
90000000000000000600000000000000001000000000000000000000000000000000000
10000000000000000060000000000000000090000000000000000000000000000000000
90000000000000000060000000000000000010000000000000000000000000000000000
10000000000000000006000000000000000000900000000000000000000000000000000
90000000000000000006000000000000000000100000000000000000000000000000000
10000000000000000000600000000000000000009000000000000000000000000000000
90000000000000000000600000000000000000001000000000000000000000000000000
10000000000000000000060000000000000000000090000000000000000000000000000
90000000000000000000060000000000000000000010000000000000000000000000000
10000000000000000000006000000000000000000000900000000000000000000000000
90000000000000000000006000000000000000000000100000000000000000000000000
10000000000000000000000600000000000000000000009000000000000000000000000
90000000000000000000000600000000000000000000001000000000000000000000000
10000000000000000000000060000000000000000000000090000000000000000000000
90000000000000000000000060000000000000000000000010000000000000000000000
10000000000000000000000006000000000000000000000000900000000000000000000
90000000000000000000000006000000000000000000000000100000000000000000000
10000000000000000000000000600000000000000000000000009000000000000000000
90000000000000000000000000600000000000000000000000001000000000000000000
10000000000000000000000000060000000000000000000000000090000000000000000
90000000000000000000000000060000000000000000000000000010000000000000000
10000000000000000000000000006000000000000000000000000000900000000000000
90000000000000000000000000006000000000000000000000000000100000000000000
10000000000000000000000000000600000000000000000000000000009000000000000
90000000000000000000000000000600000000000000000000000000001000000000000
10000000000000000000000000000060000000000000000000000000000090000000000
90000000000000000000000000000060000000000000000000000000000010000000000
10000000000000000000000000000006000000000000000000000000000000900000000
90000000000000000000000000000006000000000000000000000000000000100000000
10000000000000000000000000000000600000000000000000000000000000009000000
90000000000000000000000000000000600000000000000000000000000000001000000
10000000000000000000000000000000060000000000000000000000000000000090000
90000000000000000000000000000000060000000000000000000000000000000010000
10000000000000000000000000000000006000000000000000000000000000000000900
90000000000000000000000000000000006000000000000000000000000000000000100
10000000000000000000000000000000000600000000000000000000000000000000009
90000000000000000000000000000000000600000000000000000000000000000000001
19600000000000000000000000000000000000000000000000000000000000000000000
16900000000000000000000000000000000000000000000000000000000000000000000000000
96100000000000000000000000000000000000000000000000000000000000000000000000000
10609000000000000000000000000000000000000000000000000000000000000000000000000
90601000000000000000000000000000000000000000000000000000000000000000000000000
10060090000000000000000000000000000000000000000000000000000000000000000000000
90060010000000000000000000000000000000000000000000000000000000000000000000000
10006000900000000000000000000000000000000000000000000000000000000000000000000
90006000100000000000000000000000000000000000000000000000000000000000000000000
10000600009000000000000000000000000000000000000000000000000000000000000000000
90000600001000000000000000000000000000000000000000000000000000000000000000000
10000060000090000000000000000000000000000000000000000000000000000000000000000
90000060000010000000000000000000000000000000000000000000000000000000000000000
10000006000000900000000000000000000000000000000000000000000000000000000000000
90000006000000100000000000000000000000000000000000000000000000000000000000000
10000000600000009000000000000000000000000000000000000000000000000000000000000
90000000600000001000000000000000000000000000000000000000000000000000000000000
10000000060000000090000000000000000000000000000000000000000000000000000000000
90000000060000000010000000000000000000000000000000000000000000000000000000000
10000000006000000000900000000000000000000000000000000000000000000000000000000
90000000006000000000100000000000000000000000000000000000000000000000000000000
10000000000600000000009000000000000000000000000000000000000000000000000000000
90000000000600000000001000000000000000000000000000000000000000000000000000000
10000000000060000000000090000000000000000000000000000000000000000000000000000
90000000000060000000000010000000000000000000000000000000000000000000000000000
10000000000006000000000000900000000000000000000000000000000000000000000000000
90000000000006000000000000100000000000000000000000000000000000000000000000000
10000000000000600000000000009000000000000000000000000000000000000000000000000
90000000000000600000000000001000000000000000000000000000000000000000000000000
10000000000000060000000000000090000000000000000000000000000000000000000000000
90000000000000060000000000000010000000000000000000000000000000000000000000000
10000000000000006000000000000000900000000000000000000000000000000000000000000
90000000000000006000000000000000100000000000000000000000000000000000000000000
10000000000000000600000000000000009000000000000000000000000000000000000000000
90000000000000000600000000000000001000000000000000000000000000000000000000000
10000000000000000060000000000000000090000000000000000000000000000000000000000
90000000000000000060000000000000000010000000000000000000000000000000000000000
10000000000000000006000000000000000000900000000000000000000000000000000000000
90000000000000000006000000000000000000100000000000000000000000000000000000000
10000000000000000000600000000000000000009000000000000000000000000000000000000
90000000000000000000600000000000000000001000000000000000000000000000000000000
10000000000000000000060000000000000000000090000000000000000000000000000000000
90000000000000000000060000000000000000000010000000000000000000000000000000000
10000000000000000000006000000000000000000000900000000000000000000000000000000
90000000000000000000006000000000000000000000100000000000000000000000000000000
10000000000000000000000600000000000000000000009000000000000000000000000000000
90000000000000000000000600000000000000000000001000000000000000000000000000000
10000000000000000000000060000000000000000000000090000000000000000000000000000
90000000000000000000000060000000000000000000000010000000000000000000000000000
10000000000000000000000006000000000000000000000000900000000000000000000000000
90000000000000000000000006000000000000000000000000100000000000000000000000000
10000000000000000000000000600000000000000000000000009000000000000000000000000
90000000000000000000000000600000000000000000000000001000000000000000000000000
10000000000000000000000000060000000000000000000000000090000000000000000000000
90000000000000000000000000060000000000000000000000000010000000000000000000000
10000000000000000000000000006000000000000000000000000000900000000000000000000
90000000000000000000000000006000000000000000000000000000100000000000000000000
10000000000000000000000000000600000000000000000000000000009000000000000000000
90000000000000000000000000000600000000000000000000000000001000000000000000000
10000000000000000000000000000060000000000000000000000000000090000000000000000
90000000000000000000000000000060000000000000000000000000000010000000000000000
10000000000000000000000000000006000000000000000000000000000000900000000000000
90000000000000000000000000000006000000000000000000000000000000100000000000000
10000000000000000000000000000000600000000000000000000000000000009000000000000
90000000000000000000000000000000600000000000000000000000000000001000000000000
10000000000000000000000000000000060000000000000000000000000000000090000000000
90000000000000000000000000000000060000000000000000000000000000000010000000000
10000000000000000000000000000000006000000000000000000000000000000000900000000
90000000000000000000000000000000006000000000000000000000000000000000100000000
10000000000000000000000000000000000600000000000000000000000000000000009000000
90000000000000000000000000000000000600000000000000000000000000000000001000000
10000000000000000000000000000000000060000000000000000000000000000000000090000
90000000000000000000000000000000000060000000000000000000000000000000000010000
10000000000000000000000000000000000006000000000000000000000000000000000000900
90000000000000000000000000000000000006000000000000000000000000000000000000100
10000000000000000000000000000000000000600000000000000000000000000000000000009
90000000000000000000000000000000000000600000000000000000000000000000000000001
19600000000000000000000000000000000000000000000000000000000000000000000000000
16900000000000000000000000000000000000000000000000000000000000000000000000000
96100000000000000000000000000000000000000000000000000000000000000000000000000
10609000000000000000000000000000000000000000000000000000000000000000000000000
90601000000000000000000000000000000000000000000000000000000000000000000000000
10060090000000000000000000000000000000000000000000000000000000000000000000000
90060010000000000000000000000000000000000000000000000000000000000000000000000
10006000900000000000000000000000000000000000000000000000000000000000000000000
90006000100000000000000000000000000000000000000000000000000000000000000000000
10000600009000000000000000000000000000000000000000000000000000000000000000000
90000600001000000000000000000000000000000000000000000000000000000000000000000
10000060000090000000000000000000000000000000000000000000000000000000000000000
90000060000010000000000000000000000000000000000000000000000000000000000000000
10000006000000900000000000000000000000000000000000000000000000000000000000000
90000006000000100000000000000000000000000000000000000000000000000000000000000
10000000600000009000000000000000000000000000000000000000000000000000000000000
90000000600000001000000000000000000000000000000000000000000000000000000000000
10000000060000000090000000000000000000000000000000000000000000000000000000000
90000000060000000010000000000000000000000000000000000000000000000000000000000
10000000006000000000900000000000000000000000000000000000000000000000000000000
90000000006000000000100000000000000000000000000000000000000000000000000000000
10000000000600000000009000000000000000000000000000000000000000000000000000000
90000000000600000000001000000000000000000000000000000000000000000000000000000
10000000000060000000000090000000000000000000000000000000000000000000000000000
90000000000060000000000010000000000000000000000000000000000000000000000000000
10000000000006000000000000900000000000000000000000000000000000000000000000000
90000000000006000000000000100000000000000000000000000000000000000000000000000
10000000000000600000000000009000000000000000000000000000000000000000000000000
90000000000000600000000000001000000000000000000000000000000000000000000000000
10000000000000060000000000000090000000000000000000000000000000000000000000000
90000000000000060000000000000010000000000000000000000000000000000000000000000
10000000000000006000000000000000900000000000000000000000000000000000000000000
90000000000000006000000000000000100000000000000000000000000000000000000000000
10000000000000000600000000000000009000000000000000000000000000000000000000000
90000000000000000600000000000000001000000000000000000000000000000000000000000
10000000000000000060000000000000000090000000000000000000000000000000000000000
90000000000000000060000000000000000010000000000000000000000000000000000000000
10000000000000000006000000000000000000900000000000000000000000000000000000000
90000000000000000006000000000000000000100000000000000000000000000000000000000
10000000000000000000600000000000000000009000000000000000000000000000000000000
90000000000000000000600000000000000000001000000000000000000000000000000000000
10000000000000000000060000000000000000000090000000000000000000000000000000000
90000000000000000000060000000000000000000010000000000000000000000000000000000
10000000000000000000006000000000000000000000900000000000000000000000000000000
90000000000000000000006000000000000000000000100000000000000000000000000000000
10000000000000000000000600000000000000000000009000000000000000000000000000000
90000000000000000000000600000000000000000000001000000000000000000000000000000
10000000000000000000000060000000000000000000000090000000000000000000000000000
90000000000000000000000060000000000000000000000010000000000000000000000000000
10000000000000000000000006000000000000000000000000900000000000000000000000000
90000000000000000000000006000000000000000000000000100000000000000000000000000
10000000000000000000000000600000000000000000000000009000000000000000000000000
90000000000000000000000000600000000000000000000000001000000000000000000000000
10000000000000000000000000060000000000000000000000000090000000000000000000000
90000000000000000000000000060000000000000000000000000010000000000000000000000
10000000000000000000000000006000000000000000000000000000900000000000000000000
90000000000000000000000000006000000000000000000000000000100000000000000000000
10000000000000000000000000000600000000000000000000000000009000000000000000000
90000000000000000000000000000600000000000000000000000000001000000000000000000
10000000000000000000000000000060000000000000000000000000000090000000000000000
90000000000000000000000000000060000000000000000000000000000010000000000000000
10000000000000000000000000000006000000000000000000000000000000900000000000000
90000000000000000000000000000006000000000000000000000000000000100000000000000
10000000000000000000000000000000600000000000000000000000000000009000000000000
90000000000000000000000000000000600000000000000000000000000000001000000000000
10000000000000000000000000000000060000000000000000000000000000000090000000000
90000000000000000000000000000000060000000000000000000000000000000010000000000
10000000000000000000000000000000006000000000000000000000000000000000900000000
90000000000000000000000000000000006000000000000000000000000000000000100000000
10000000000000000000000000000000000600000000000000000000000000000000009000000
90000000000000000000000000000000000600000000000000000000000000000000001000000
10000000000000000000000000000000000060000000000000000000000000000000000090000
90000000000000000000000000000000000060000000000000000000000000000000000010000
10000000000000000000000000000000000006000000000000000000000000000000000000900
90000000000000000000000000000000000006000000000000000000000000000000000000100
10000000000000000000000000000000000000600000000000000000000000000000000000009
90000000000000000000000000000000000000600000000000000000000000000000000000001
19600000000000000000000000000000000000000000000000000000000000000000000000000
16900000000000000000000000000000000000000000000000000000000000000000000000000
96100000000000000000000000000000000000000000000000000000000000000000000000000
10609000000000000000000000000000000000000000000000000000000000000000000000000
90601000000000000000000000000000000000000000000000000000000000000000000000000
10060090000000000000000000000000000000000000000000000000000000000000000000000
90060010000000000000000000000000000000000000000000000000000000000000000000000
10006000900000000000000000000000000000000000000000000000000000000000000000000
90006000100000000000000000000000000000000000000000000000000000000000000000000
10000600009000000000000000000000000000000000000000000000000000000000000000000
90000600001000000000000000000000000000000000000000000000000000000000000000000
10000060000090000000000000000000000000000000000000000000000000000000000000000
90000060000010000000000000000000000000000000000000000000000000000000000000000
10000006000000900000000000000000000000000000000000000000000000000000000000000
90000006000000100000000000000000000000000000000000000000000000000000000000000
10000000600000009000000000000000000000000000000000000000000000000000000000000
90000000600000001000000000000000000000000000000000000000000000000000000000000
10000000060000000090000000000000000000000000000000000000000000000000000000000
90000000060000000010000000000000000000000000000000000000000000000000000000000
10000000006000000000900000000000000000000000000000000000000000000000000000000
90000000006000000000100000000000000000000000000000000000000000000000000000000
10000000000600000000009000000000000000000000000000000000000000000000000000000
90000000000600000000001000000000000000000000000000000000000000000000000000000
10000000000060000000000090000000000000000000000000000000000000000000000000000
90000000000060000000000010000000000000000000000000000000000000000000000000000
10000000000006000000000000900000000000000000000000000000000000000000000000000
90000000000006000000000000100000000000000000000000000000000000000000000000000
10000000000000600000000000009000000000000000000000000000000000000000000000000
90000000000000600000000000001000000000000000000000000000000000000000000000000
10000000000000060000000000000090000000000000000000000000000000000000000000000
90000000000000060000000000000010000000000000000000000000000000000000000000000
10000000000000006000000000000000900000000000000000000000000000000000000000000
90000000000000006000000000000000100000000000000000000000000000000000000000000
10000000000000000600000000000000009000000000000000000000000000000000000000000
90000000000000000600000000000000001000000000000000000000000000000000000000000
10000000000000000060000000000000000090000000000000000000000000000000000000000
90000000000000000060000000000000000010000000000000000000000000000000000000000
10000000000000000006000000000000000000900000000000000000000000000000000000000
90000000000000000006000000000000000000100000000000000000000000000000000000000
10000000000000000000600000000000000000009000000000000000000000000000000000000
90000000000000000000600000000000000000001000000000000000000000000000000000000
10000000000000000000060000000000000000000090000000000000000000000000000000000
90000000000000000000060000000000000000000010000000000000000000000000000000000
10000000000000000000006000000000000000000000900000000000000000000000000000000
90000000000000000000006000000000000000000000100000000000000000000000000000000
10000000000000000000000600000000000000000000009000000000000000000000000000000
90000000000000000000000600000000000000000000001000000000000000000000000000000
10000000000000000000000060000000000000000000000090000000000000000000000000000
90000000000000000000000060000000000000000000000010000000000000000000000000000
10000000000000000000000006000000000000000000000000900000000000000000000000000
90000000000000000000000006000000000000000000000000100000000000000000000000000
10000000000000000000000000600000000000000000000000009000000000000000000000000
90000000000000000000000000600000000000000000000000001000000000000000000000000
10000000000000000000000000060000000000000000000000000090000000000000000000000
90000000000000000000000000060000000000000000000000000010000000000000000000000
10000000000000000000000000006000000000000000000000000000900000000000000000000
90000000000000000000000000006000000000000000000000000000100000000000000000000
10000000000000000000000000000600000000000000000000000000009000000000000000000
90000000000000000000000000000600000000000000000000000000001000000000000000000
10000000000000000000000000000060000000000000000000000000000090000000000000000
90000000000000000000000000000060000000000000000000000000000010000000000000000
10000000000000000000000000000006000000000000000000000000000000900000000000000
90000000000000000000000000000006000000000000000000000000000000100000000000000
10000000000000000000000000000000600000000000000000000000000000009000000000000
90000000000000000000000000000000600000000000000000000000000000001000000000000
10000000000000000000000000000000060000000000000000000000000000000090000000000
90000000000000000000000000000000060000000000000000000000000000000010000000000
10000000000000000000000000000000006000000000000000000000000000000000900000000
90000000000000000000000000000000006000000000000000000000000000000000100000000
10000000000000000000000000000000000600000000000000000000000000000000009000000
90000000000000000000000000000000000600000000000000000000000000000000001000000
10000000000000000000000000000000000060000000000000000000000000000000000090000
90000000000000000000000000000000000060000000000000000000000000000000000010000
10000000000000000000000000000000000006000000000000000000000000000000000000900
90000000000000000000000000000000000006000000000000000000000000000000000000100
10000000000000000000000000000000000000600000000000000000000000000000000000009
90000000000000000000000000000000000000600000000000000000000000000000000000001
19600000000000000000000000000000000000000000000000000000000000000000000000000
