51 1
52 1
53 1
54 1
55 1
56 1
57 1
58 1
59 1
60 1
61 1
62 1
63 1
64 1
65 1
66 1
67 1
68 1
69 1
70 1
71 1
72 1
73 1
74 1
75 1
76 1
77 1
78 1
79 1
80 1
81 1
82 1
83 1
84 1
85 1
86 1
87 1
88 1
89 1
90 1
91 1
92 1
93 1
94 1
95 1
96 1
97 1
98 1
99 1
100 1
101 1
101 2
102 1
102 2
103 1
103 2
104 1
104 2
105 1
105 2
106 1
106 2
107 1
107 2
108 1
108 2
109 1
109 2
110 1
110 2
111 1
111 2
112 1
112 2
113 1
113 2
114 1
114 2
115 1
115 2
116 1
116 2
117 1
117 2
118 1
118 2
119 1
119 2
120 1
120 2
121 1
121 2
122 1
122 2
123 1
123 2
124 1
124 2
125 1
125 2
126 1
126 2
127 1
127 2
128 1
128 2
129 1
129 2
130 1
130 2
131 1
131 2
132 1
132 2
133 1
133 2
133 3
134 1
134 2
135 1
135 2
136 1
136 2
137 1
137 2
138 1
138 2
139 1
139 2
139 3
140 1
140 2
140 3
141 1
141 2
142 1
142 2
142 3
143 1
143 2
143 3
144 1
144 2
145 1
145 2
145 3
146 1
146 2
146 3
147 1
147 2
148 1
148 2
148 3
149 1
149 2
149 3
150 1
150 2
151 1
151 2
151 3
152 1
152 2
152 3
153 1
153 2
153 3
154 1
154 2
154 3
155 1
155 2
155 3
156 1
156 2
156 3
157 1
157 2
157 3
158 1
158 2
158 3
159 1
159 2
159 3
160 1
160 2
160 3
161 1
161 2
161 3
162 1
162 2
162 3
163 1
163 2
163 3
164 1
164 2
164 3
165 1
165 2
165 3
166 1
166 2
166 3
167 1
167 2
167 3
168 1
168 2
168 3
169 1
169 2
169 3
170 1
170 2
170 3
171 1
171 2
171 3
172 1
172 2
172 3
173 1
173 2
173 3
174 1
174 2
174 3
175 1
175 2
175 3
176 1
176 2
176 3
177 1
177 2
177 3
178 1
178 2
178 3
179 1
179 2
179 3
180 1
180 2
180 3
181 1
181 2
181 3
182 1
182 2
182 3
183 1
183 2
183 3
184 1
184 2
184 3
185 1
185 2
185 3
185 4
186 1
186 2
186 3
187 1
187 2
187 3
187 4
188 1
188 2
188 3
189 1
189 2
189 3
189 4
190 1
190 2
190 3
191 1
191 2
191 3
191 4
192 1
192 2
192 3
193 1
193 2
193 3
193 4
194 1
194 2
194 3
195 1
195 2
195 3
195 4
196 1
196 2
196 3
197 1
197 2
197 3
197 4
198 1
198 2
198 3
199 1
199 2
199 3
199 4
200 1
200 2
200 3
201 1
201 2
201 3
201 4
202 1
202 2
202 3
202 4
203 1
203 2
203 3
203 4
204 1
204 2
204 3
204 4
205 1
205 2
205 3
205 4
206 1
206 2
206 3
206 4
207 1
207 2
207 3
207 4
208 1
208 2
208 3
208 4
209 1
209 2
209 3
209 4
210 1
210 2
210 3
210 4
211 1
211 2
211 3
211 4
212 1
212 2
212 3
212 4
213 1
213 2
213 3
213 4
214 1
214 2
214 3
214 4
215 1
215 2
215 3
215 4
216 1
216 2
216 3
216 4
217 1
217 2
217 3
217 4
218 1
218 2
218 3
218 4
219 1
219 2
219 3
219 4
220 1
220 2
220 3
220 4
221 1
221 2
221 3
221 4
222 1
222 2
222 3
222 4
223 1
223 2
223 3
223 4
224 1
224 2
224 3
224 4
225 1
225 2
225 3
225 4
226 1
226 2
226 3
226 4
227 1
227 2
227 3
227 4
227 5
228 1
228 2
228 3
228 4
229 1
229 2
229 3
229 4
229 5
230 1
230 2
230 3
230 4
231 1
231 2
231 3
231 4
232 1
232 2
232 3
232 4
233 1
233 2
233 3
233 4
233 5
234 1
234 2
234 3
234 4
234 5
235 1
235 2
235 3
235 4
236 1
236 2
236 3
236 4
237 1
237 2
237 3
237 4
237 5
238 1
238 2
238 3
238 4
238 5
239 1
239 2
239 3
239 4
239 5
240 1
240 2
240 3
240 4
241 1
241 2
241 3
241 4
241 5
242 1
242 2
242 3
242 4
242 5
243 1
243 2
243 3
243 4
243 5
244 1
244 2
244 3
244 4
244 5
245 1
245 2
245 3
245 4
246 1
246 2
246 3
246 4
246 5
247 1
247 2
247 3
247 4
247 5
248 1
248 2
248 3
248 4
248 5
249 1
249 2
249 3
249 4
249 5
250 1
250 2
250 3
250 4
251 1
251 2
251 3
251 4
251 5
252 1
252 2
252 3
252 4
252 5
253 1
253 2
253 3
253 4
253 5
254 1
254 2
254 3
254 4
254 5
255 1
255 2
255 3
255 4
255 5
256 1
256 2
256 3
256 4
256 5
257 1
257 2
257 3
257 4
257 5
258 1
258 2
258 3
258 4
258 5
259 1
259 2
259 3
259 4
259 5
260 1
260 2
260 3
260 4
260 5
261 1
261 2
261 3
261 4
261 5
262 1
262 2
262 3
262 4
262 5
263 1
263 2
263 3
263 4
263 5
264 1
264 2
264 3
264 4
264 5
265 1
265 2
265 3
265 4
265 5
266 1
266 2
266 3
266 4
266 5
266 6
267 1
267 2
267 3
267 4
267 5
268 1
268 2
268 3
268 4
268 5
269 1
269 2
269 3
269 4
269 5
269 6
270 1
270 2
270 3
270 4
270 5
271 1
271 2
271 3
271 4
271 5
271 6
272 1
272 2
272 3
272 4
272 5
273 1
273 2
273 3
273 4
273 5
274 1
274 2
274 3
274 4
274 5
275 1
275 2
275 3
275 4
275 5
276 1
276 2
276 3
276 4
276 5
277 1
277 2
277 3
277 4
277 5
278 1
278 2
278 3
278 4
278 5
278 6
279 1
279 2
279 3
279 4
279 5
280 1
280 2
280 3
280 4
280 5
280 6
281 1
281 2
281 3
281 4
281 5
281 6
282 1
282 2
282 3
282 4
282 5
283 1
283 2
283 3
283 4
283 5
283 6
284 1
284 2
284 3
284 4
284 5
284 6
285 1
285 2
285 3
285 4
285 5
286 1
286 2
286 3
286 4
286 5
286 6
287 1
287 2
287 3
287 4
287 5
287 6
288 1
288 2
288 3
288 4
288 5
289 1
289 2
289 3
289 4
289 5
289 6
290 1
290 2
290 3
290 4
290 5
290 6
291 1
291 2
291 3
291 4
291 5
292 1
292 2
292 3
292 4
292 5
292 6
293 1
293 2
293 3
293 4
293 5
293 6
294 1
294 2
294 3
294 4
294 5
295 1
295 2
295 3
295 4
295 5
295 6
295 7
296 1
296 2
296 3
296 4
296 5
296 6
296 7
297 1
297 2
297 3
297 4
297 5
297 7
298 1
298 2
298 3
298 4
298 5
298 6
299 1
299 2
299 3
299 4
299 5
299 6
300 1
300 2
300 3
300 4
300 5
301 1
301 2
301 3
301 4
301 5
301 6
302 1
302 2
302 3
302 4
302 5
302 6
303 1
303 2
303 3
303 4
303 5
303 6
303 7
304 1
304 2
304 3
304 4
304 5
304 6
305 1
305 2
305 3
305 4
305 5
305 6
306 1
306 2
306 3
306 4
306 5
306 6
307 1
307 2
307 3
307 4
307 5
307 6
308 1
308 2
308 3
308 4
308 5
308 6
309 1
309 2
309 3
309 4
309 5
309 6
309 7
310 1
310 2
310 3
310 4
310 5
310 6
311 1
311 2
311 3
311 4
311 5
311 6
312 1
312 2
312 3
312 4
312 5
312 6
313 1
313 2
313 3
313 4
313 5
313 6
313 7
314 1
314 2
314 3
314 4
314 5
314 6
314 7
315 1
315 2
315 3
315 4
315 5
315 6
316 1
316 2
316 3
316 4
316 5
316 6
316 7
317 1
317 2
317 3
317 4
317 5
317 6
318 1
318 2
318 3
318 4
318 5
318 6
318 7
319 1
319 2
319 3
319 4
319 5
319 6
320 1
320 2
320 3
320 4
320 5
320 6
320 7
321 1
321 2
321 3
321 4
321 5
321 6
321 7
322 1
322 2
322 3
322 4
322 5
322 6
323 1
323 2
323 3
323 4
323 5
323 6
323 7
324 1
324 2
324 3
324 4
324 5
324 6
325 1
325 2
325 3
325 4
325 5
325 6
325 7
326 1
326 2
326 3
326 4
326 5
326 6
326 7
327 1
327 2
327 3
327 4
327 5
327 6
327 7
328 1
328 2
328 3
328 4
328 5
328 6
328 7
329 1
329 2
329 3
329 4
329 5
329 6
330 1
330 2
330 3
330 4
330 5
330 6
331 1
331 2
331 3
331 4
331 5
331 6
332 1
332 2
332 3
332 4
332 5
332 6
332 7
333 1
333 2
333 3
333 4
333 5
333 6
333 7
334 1
334 2
334 3
334 4
334 5
334 6
334 7
335 1
335 2
335 3
335 4
335 5
335 6
335 7
336 1
336 2
336 3
336 4
336 5
336 6
337 1
337 2
337 3
337 4
337 5
337 6
337 7
338 1
338 2
338 3
338 4
338 5
338 6
338 7
339 1
339 2
339 3
339 4
339 5
339 6
339 7
340 1
340 2
340 3
340 4
340 5
340 6
340 7
341 1
341 2
341 3
341 4
341 5
341 6
341 7
342 1
342 2
342 3
342 4
342 5
342 6
342 7
343 1
343 2
343 3
343 4
343 5
343 6
344 1
344 2
344 3
344 4
344 5
344 6
344 7
345 1
345 2
345 3
345 4
345 5
345 6
345 7
346 1
346 2
346 3
346 4
346 5
346 6
346 7
347 1
347 2
347 3
347 4
347 5
347 6
347 7
348 1
348 2
348 3
348 4
348 5
348 6
348 7
349 1
349 2
349 3
349 4
349 5
349 6
349 7
350 1
350 2
350 3
350 4
350 5
350 6
351 1
351 2
351 3
351 4
351 5
351 6
351 7
352 1
352 2
352 3
352 4
352 5
352 6
352 7
353 1
353 2
353 3
353 4
353 5
353 6
353 7
354 1
354 2
354 3
354 4
354 5
354 6
354 7
355 1
355 2
355 3
355 4
355 5
355 6
355 7
356 1
356 2
356 3
356 4
356 5
356 6
356 7
357 1
357 2
357 3
357 4
357 5
357 6
357 7
358 1
358 2
358 3
358 4
358 5
358 6
358 7
359 1
359 2
359 3
359 4
359 5
359 6
359 7
360 1
360 2
360 3
360 4
360 5
360 6
360 7
361 1
361 2
361 3
361 4
361 5
361 6
361 7
361 8
362 1
362 2
362 3
362 4
362 5
362 6
362 7
363 1
363 2
363 3
363 4
363 5
363 6
363 7
363 8
364 1
364 2
364 3
364 4
364 5
364 6
364 7
365 1
365 2
365 3
365 4
365 5
365 6
365 7
365 8
366 1
366 2
366 3
366 4
366 5
366 6
366 7
367 1
367 2
367 3
367 4
367 5
367 6
367 7
367 8
368 1
368 2
368 3
368 4
368 5
368 6
368 7
369 1
369 2
369 3
369 4
369 5
369 6
369 7
369 8
370 1
370 2
370 3
370 4
370 5
370 6
370 7
370 8
371 1
371 2
371 3
371 4
371 5
371 6
371 7
371 8
372 1
372 2
372 3
372 4
372 5
372 6
372 7
373 1
373 2
373 3
373 4
373 5
373 6
373 7
373 8
374 1
374 2
374 3
374 4
374 5
374 6
374 7
374 8
375 1
375 2
375 3
375 4
375 5
375 6
375 7
375 8
376 1
376 2
376 3
376 4
376 5
376 6
376 7
377 1
377 2
377 3
377 4
377 5
377 6
377 7
377 8
378 1
378 2
378 3
378 4
378 5
378 6
378 7
378 8
379 1
379 2
379 3
379 4
379 5
379 6
379 7
379 8
380 1
380 2
380 3
380 4
380 5
380 6
380 7
381 1
381 2
381 3
381 4
381 5
381 6
381 7
382 1
382 2
382 3
382 4
382 5
382 6
382 7
382 8
383 1
383 2
383 3
383 4
383 5
383 6
383 7
383 8
384 1
384 2
384 3
384 4
384 5
384 6
384 7
385 1
385 2
385 3
385 4
385 5
385 6
385 7
385 8
385 9
386 1
386 2
386 3
386 4
386 5
386 6
386 7
386 8
386 9
387 1
387 2
387 3
387 4
387 5
387 6
387 7
387 8
388 1
388 2
388 3
388 4
388 5
388 6
388 7
389 1
389 2
389 3
389 4
389 5
389 6
389 7
389 8
390 1
390 2
390 3
390 4
390 5
390 6
390 7
390 8
391 1
391 2
391 3
391 4
391 5
391 6
391 7
391 8
392 1
392 2
392 3
392 4
392 5
392 6
392 7
392 9
393 1
393 2
393 3
393 4
393 5
393 6
393 7
393 8
394 1
394 2
394 3
394 4
394 5
394 6
394 7
394 8
394 9
395 1
395 2
395 3
395 4
395 5
395 6
395 7
395 8
395 9
396 1
396 2
396 3
396 4
396 5
396 6
396 7
397 1
397 2
397 3
397 4
397 5
397 6
397 7
397 8
398 1
398 2
398 3
398 4
398 5
398 6
398 7
398 8
399 1
399 2
399 3
399 4
399 5
399 6
399 7
399 8
399 9
400 1
400 2
400 3
400 4
400 5
400 6
400 7
400 9
401 1
401 2
401 3
401 4
401 5
401 6
401 7
401 8
401 9
402 1
402 2
402 3
402 4
402 5
402 6
402 7
402 8
403 1
403 2
403 3
403 4
403 5
403 6
403 7
403 8
403 9
404 1
404 2
404 3
404 4
404 5
404 6
404 7
404 8
404 9
405 1
405 2
405 3
405 4
405 5
405 6
405 7
405 8
406 1
406 2
406 3
406 4
406 5
406 6
406 7
406 8
407 1
407 2
407 3
407 4
407 5
407 6
407 7
407 8
407 9
408 1
408 2
408 3
408 4
408 5
408 6
408 7
408 8
409 1
409 2
409 3
409 4
409 5
409 6
409 7
409 8
409 9
410 1
410 2
410 3
410 4
410 5
410 6
410 7
410 8
410 9
411 1
411 2
411 3
411 4
411 5
411 6
411 7
411 8
412 1
412 2
412 3
412 4
412 5
412 6
412 7
412 8
412 9
413 1
413 2
413 3
413 4
413 5
413 6
413 7
413 8
414 1
414 2
414 3
414 4
414 5
414 6
414 7
414 8
415 1
415 2
415 3
415 4
415 5
415 6
415 7
415 8
415 9
416 1
416 2
416 3
416 4
416 5
416 6
416 7
416 8
416 9
417 1
417 2
417 3
417 4
417 5
417 6
417 7
417 8
417 9
418 1
418 2
418 3
418 4
418 5
418 6
418 7
418 8
418 9
419 1
419 2
419 3
419 4
419 5
419 6
419 7
419 8
419 9
420 1
420 2
420 3
420 4
420 5
420 6
420 7
420 8
420 9
421 1
421 2
421 3
421 4
421 5
421 6
421 7
421 8
421 9
421 10
422 1
422 2
422 3
422 4
422 5
422 6
422 7
422 8
422 9
423 1
423 2
423 3
423 4
423 5
423 6
423 7
423 8
423 10
424 1
424 2
424 3
424 4
424 5
424 6
424 7
424 8
424 9
425 1
425 2
425 3
425 4
425 5
425 6
425 7
425 8
425 9
426 1
426 2
426 3
426 4
426 5
426 6
426 7
426 8
426 9
427 1
427 2
427 3
427 4
427 5
427 6
427 7
427 8
427 9
427 10
428 1
428 2
428 3
428 4
428 5
428 6
428 7
428 8
428 9
429 1
429 2
429 3
429 4
429 5
429 6
429 7
429 8
429 9
430 1
430 2
430 3
430 4
430 5
430 6
430 7
430 8
430 9
431 1
431 2
431 3
431 4
431 5
431 6
431 7
431 8
431 9
431 10
432 1
432 2
432 3
432 4
432 5
432 6
432 7
432 8
433 1
433 2
433 3
433 4
433 5
433 6
433 7
433 8
433 9
434 1
434 2
434 3
434 4
434 5
434 6
434 7
434 8
434 9
435 1
435 2
435 3
435 4
435 5
435 6
435 7
435 8
435 9
436 1
436 2
436 3
436 4
436 5
436 6
436 7
436 8
436 9
437 1
437 2
437 3
437 4
437 5
437 6
437 7
437 8
437 9
437 10
438 1
438 2
438 3
438 4
438 5
438 6
438 7
438 8
438 9
439 1
439 2
439 3
439 4
439 5
439 6
439 7
439 8
439 9
439 10
440 1
440 2
440 3
440 4
440 5
440 6
440 7
440 8
440 9
441 1
441 2
441 3
441 4
441 5
441 6
441 7
441 8
442 1
442 2
442 3
442 4
442 5
442 6
442 7
442 8
442 9
443 1
443 2
443 3
443 4
443 5
443 6
443 7
443 8
443 9
444 1
444 2
444 3
444 4
444 5
444 6
444 7
444 8
444 9
445 1
445 2
445 3
445 4
445 5
445 6
445 7
445 8
445 9
446 1
446 2
446 3
446 4
446 5
446 6
446 7
446 8
446 9
447 1
447 2
447 3
447 4
447 5
447 6
447 7
447 8
447 9
448 1
448 2
448 3
448 4
448 5
448 6
448 7
448 8
448 9
449 1
449 2
449 3
449 4
449 5
449 6
449 7
449 8
449 9
449 10
450 1
450 2
450 3
450 4
450 5
450 6
450 7
450 8
451 1
451 2
451 3
451 4
451 5
451 6
451 7
451 8
451 9
452 1
452 2
452 3
452 4
452 5
452 6
452 7
452 8
452 9
453 1
453 2
453 3
453 4
453 5
453 6
453 7
453 8
453 9
453 10
454 1
454 2
454 3
454 4
454 5
454 6
454 7
454 8
454 9
454 10
455 1
455 2
455 3
455 4
455 5
455 6
455 7
455 8
455 9
456 1
456 2
456 3
456 4
456 5
456 6
456 7
456 8
456 9
457 1
457 2
457 3
457 4
457 5
457 6
457 7
457 8
457 9
458 1
458 2
458 3
458 4
458 5
458 6
458 7
458 8
458 9
458 10
459 1
459 2
459 3
459 4
459 5
459 6
459 7
459 8
459 9
459 10
460 1
460 2
460 3
460 4
460 5
460 6
460 7
460 8
460 9
461 1
461 2
461 3
461 4
461 5
461 6
461 7
461 8
461 9
461 10
461 11
462 1
462 2
462 3
462 4
462 5
462 6
462 7
462 8
462 9
463 1
463 2
463 3
463 4
463 5
463 6
463 7
463 8
463 9
463 10
463 11
464 1
464 2
464 3
464 4
464 5
464 6
464 7
464 8
464 9
464 11
465 1
465 2
465 3
465 4
465 5
465 6
465 7
465 8
465 9
465 11
466 1
466 2
466 3
466 4
466 5
466 6
466 7
466 8
466 9
466 10
467 1
467 2
467 3
467 4
467 5
467 6
467 7
467 8
467 9
467 10
468 1
468 2
468 3
468 4
468 5
468 6
468 7
468 8
468 9
468 10
469 1
469 2
469 3
469 4
469 5
469 6
469 7
469 8
469 9
469 10
470 1
470 2
470 3
470 4
470 5
470 6
470 7
470 8
470 9
470 11
471 1
471 2
471 3
471 4
471 5
471 6
471 7
471 8
471 9
471 10
471 11
472 1
472 2
472 3
472 4
472 5
472 6
472 7
472 8
472 9
472 11
473 1
473 2
473 3
473 4
473 5
473 6
473 7
473 8
473 9
473 10
474 1
474 2
474 3
474 4
474 5
474 6
474 7
474 8
474 9
474 10
474 11
475 1
475 2
475 3
475 4
475 5
475 6
475 7
475 8
475 9
475 11
476 1
476 2
476 3
476 4
476 5
476 6
476 7
476 8
476 9
476 10
477 1
477 2
477 3
477 4
477 5
477 6
477 7
477 8
477 9
477 10
478 1
478 2
478 3
478 4
478 5
478 6
478 7
478 8
478 9
478 10
479 1
479 2
479 3
479 4
479 5
479 6
479 7
479 8
479 9
479 10
480 1
480 2
480 3
480 4
480 5
480 6
480 7
480 8
480 9
480 11
481 1
481 2
481 3
481 4
481 5
481 6
481 7
481 8
481 9
481 10
481 11
482 1
482 2
482 3
482 4
482 5
482 6
482 7
482 8
482 9
482 10
482 11
483 1
483 2
483 3
483 4
483 5
483 6
483 7
483 8
483 9
483 10
483 11
484 1
484 2
484 3
484 4
484 5
484 6
484 7
484 8
484 9
484 10
485 1
485 2
485 3
485 4
485 5
485 6
485 7
485 8
485 9
485 11
486 1
486 2
486 3
486 4
486 5
486 6
486 7
486 8
486 9
486 10
487 1
487 2
487 3
487 4
487 5
487 6
487 7
487 8
487 9
487 10
488 1
488 2
488 3
488 4
488 5
488 6
488 7
488 8
488 9
488 10
489 1
489 2
489 3
489 4
489 5
489 6
489 7
489 8
489 9
489 10
490 1
490 2
490 3
490 4
490 5
490 6
490 7
490 8
490 9
490 11
491 1
491 2
491 3
491 4
491 5
491 6
491 7
491 8
491 9
491 10
491 11
492 1
492 2
492 3
492 4
492 5
492 6
492 7
492 8
492 9
492 10
492 11
493 1
493 2
493 3
493 4
493 5
493 6
493 7
493 8
493 9
493 10
493 11
494 1
494 2
494 3
494 4
494 5
494 6
494 7
494 8
494 9
494 10
494 11
495 1
495 2
495 3
495 4
495 5
495 6
495 7
495 8
495 9
496 1
496 2
496 3
496 4
496 5
496 6
496 7
496 8
496 9
496 10
497 1
497 2
497 3
497 4
497 5
497 6
497 7
497 8
497 9
497 10
498 1
498 2
498 3
498 4
498 5
498 6
498 7
498 8
498 9
498 10
498 11
499 1
499 2
499 3
499 4
499 5
499 6
499 7
499 8
499 9
499 10
499 11
500 1
500 2
500 3
500 4
500 5
500 6
500 7
500 8
500 9
500 11
501 1
501 2
501 3
501 4
501 5
501 6
501 7
501 8
501 9
501 10
501 11
502 1
502 2
502 3
502 4
502 5
502 6
502 7
502 8
502 9
502 10
502 11
503 1
503 2
503 3
503 4
503 5
503 6
503 7
503 8
503 9
503 10
503 11
503 12
504 1
504 2
504 3
504 4
504 5
504 6
504 7
504 8
504 9
504 10
504 11
505 1
505 2
505 3
505 4
505 5
505 6
505 7
505 8
505 9
505 10
505 11
505 12
506 1
506 2
506 3
506 4
506 5
506 6
506 7
506 8
506 9
506 10
507 1
507 2
507 3
507 4
507 5
507 6
507 7
507 8
507 9
507 10
508 1
508 2
508 3
508 4
508 5
508 6
508 7
508 8
508 9
508 10
508 11
509 1
509 2
509 3
509 4
509 5
509 6
509 7
509 8
509 9
509 10
509 11
510 1
510 2
510 3
510 4
510 5
510 6
510 7
510 8
510 9
510 10
510 11
511 1
511 2
511 3
511 4
511 5
511 6
511 7
511 8
511 9
511 10
511 11
512 1
512 2
512 3
512 4
512 5
512 6
512 7
512 8
512 9
512 10
512 11
513 1
513 2
513 3
513 4
513 5
513 6
513 7
513 8
513 9
513 10
513 11
514 1
514 2
514 3
514 4
514 5
514 6
514 7
514 8
514 9
514 10
514 11
515 1
515 2
515 3
515 4
515 5
515 6
515 7
515 8
515 9
515 10
515 11
515 12
516 1
516 2
516 3
516 4
516 5
516 6
516 7
516 8
516 9
516 10
516 11
517 1
517 2
517 3
517 4
517 5
517 6
517 7
517 8
517 9
517 10
517 12
518 1
518 2
518 3
518 4
518 5
518 6
518 7
518 8
518 9
518 10
518 11
519 1
519 2
519 3
519 4
519 5
519 6
519 7
519 8
519 9
519 10
519 11
520 1
520 2
520 3
520 4
520 5
520 6
520 7
520 8
520 9
520 10
520 11
521 1
521 2
521 3
521 4
521 5
521 6
521 7
521 8
521 9
521 10
521 11
521 12
522 1
522 2
522 3
522 4
522 5
522 6
522 7
522 8
522 9
522 10
522 11
523 1
523 2
523 3
523 4
523 5
523 6
523 7
523 8
523 9
523 10
523 11
523 12
524 1
524 2
524 3
524 4
524 5
524 6
524 7
524 8
524 9
524 10
524 11
525 1
525 2
525 3
525 4
525 5
525 6
525 7
525 8
525 9
525 10
525 11
526 1
526 2
526 3
526 4
526 5
526 6
526 7
526 8
526 9
526 10
526 11
527 1
527 2
527 3
527 4
527 5
527 6
527 7
527 8
527 9
527 10
527 11
527 12
528 1
528 2
528 3
528 4
528 5
528 6
528 7
528 8
528 9
528 10
529 1
529 2
529 3
529 4
529 5
529 6
529 7
529 8
529 9
529 10
529 11
530 1
530 2
530 3
530 4
530 5
530 6
530 7
530 8
530 9
530 10
530 11
531 1
531 2
531 3
531 4
531 5
531 6
531 7
531 8
531 9
531 10
531 11
532 1
532 2
532 3
532 4
532 5
532 6
532 7
532 8
532 9
532 10
532 11
532 12
533 1
533 2
533 3
533 4
533 5
533 6
533 7
533 8
533 9
533 10
533 11
533 12
534 1
534 2
534 3
534 4
534 5
534 6
534 7
534 8
534 9
534 10
534 11
535 1
535 2
535 3
535 4
535 5
535 6
535 7
535 8
535 9
535 10
535 11
536 1
536 2
536 3
536 4
536 5
536 6
536 7
536 8
536 9
536 10
536 11
537 1
537 2
537 3
537 4
537 5
537 6
537 7
537 8
537 9
537 10
537 11
538 1
538 2
538 3
538 4
538 5
538 6
538 7
538 8
538 9
538 10
538 11
538 12
539 1
539 2
539 3
539 4
539 5
539 6
539 7
539 8
539 9
539 10
540 1
540 2
540 3
540 4
540 5
540 6
540 7
540 8
540 9
540 10
540 11
541 1
541 2
541 3
541 4
541 5
541 6
541 7
541 8
541 9
541 10
541 11
542 1
542 2
542 3
542 4
542 5
542 6
542 7
542 8
542 9
542 10
542 11
542 12
543 1
543 2
543 3
543 4
543 5
543 6
543 7
543 8
543 9
543 10
543 11
544 1
544 2
544 3
544 4
544 5
544 6
544 7
544 8
544 9
544 10
544 11
545 1
545 2
545 3
545 4
545 5
545 6
545 7
545 8
545 9
545 10
545 11
545 12
546 1
546 2
546 3
546 4
546 5
546 6
546 7
546 8
546 9
546 10
546 11
547 1
547 2
547 3
547 4
547 5
547 6
547 7
547 8
547 9
547 10
547 11
547 12
548 1
548 2
548 3
548 4
548 5
548 6
548 7
548 8
548 9
548 10
548 11
549 1
549 2
549 3
549 4
549 5
549 6
549 7
549 8
549 9
549 10
549 11
550 1
550 2
550 3
550 4
550 5
550 6
550 7
550 8
550 9
550 10
551 1
551 2
551 3
551 4
551 5
551 6
551 7
551 8
551 9
551 10
551 11
552 1
552 2
552 3
552 4
552 5
552 6
552 7
552 8
552 9
552 10
552 11
553 1
553 2
553 3
553 4
553 5
553 6
553 7
553 8
553 9
553 10
553 11
553 12
554 1
554 2
554 3
554 4
554 5
554 6
554 7
554 8
554 9
554 10
554 11
555 1
555 2
555 3
555 4
555 5
555 6
555 7
555 8
555 9
555 10
555 11
555 12
556 1
556 2
556 3
556 4
556 5
556 6
556 7
556 8
556 9
556 10
556 11
556 12
556 13
557 1
557 2
557 3
557 4
557 5
557 6
557 7
557 8
557 9
557 10
557 11
557 12
557 13
558 1
558 2
558 3
558 4
558 5
558 6
558 7
558 8
558 9
558 10
558 11
558 13
559 1
559 2
559 3
559 4
559 5
559 6
559 7
559 8
559 9
559 10
559 11
559 12
560 1
560 2
560 3
560 4
560 5
560 6
560 7
560 8
560 9
560 10
560 11
560 12
561 1
561 2
561 3
561 4
561 5
561 6
561 7
561 8
561 9
561 10
561 11
561 12
561 13
562 1
562 2
562 3
562 4
562 5
562 6
562 7
562 8
562 9
562 10
562 11
562 12
562 13
563 1
563 2
563 3
563 4
563 5
563 6
563 7
563 8
563 9
563 10
563 11
563 12
563 13
564 1
564 2
564 3
564 4
564 5
564 6
564 7
564 8
564 9
564 10
564 11
564 13
565 1
565 2
565 3
565 4
565 5
565 6
565 7
565 8
565 9
565 10
565 11
565 12
565 13
566 1
566 2
566 3
566 4
566 5
566 6
566 7
566 8
566 9
566 10
566 11
566 12
566 13
567 1
567 2
567 3
567 4
567 5
567 6
567 7
567 8
567 9
567 10
567 11
567 12
567 13
568 1
568 2
568 3
568 4
568 5
568 6
568 7
568 8
568 9
568 10
568 11
568 12
568 13
569 1
569 2
569 3
569 4
569 5
569 6
569 7
569 8
569 9
569 10
569 11
569 12
569 13
569 14
570 1
570 2
570 3
570 4
570 5
570 6
570 7
570 8
570 9
570 10
570 11
571 1
571 2
571 3
571 4
571 5
571 6
571 7
571 8
571 9
571 10
571 11
571 12
572 1
572 2
572 3
572 4
572 5
572 6
572 7
572 8
572 9
572 10
572 11
572 12
573 1
573 2
573 3
573 4
573 5
573 6
573 7
573 8
573 9
573 10
573 11
573 12
573 13
574 1
574 2
574 3
574 4
574 5
574 6
574 7
574 8
574 9
574 10
574 11
574 12
574 13
575 1
575 2
575 3
575 4
575 5
575 6
575 7
575 8
575 9
575 10
575 11
575 12
575 13
576 1
576 2
576 3
576 4
576 5
576 6
576 7
576 8
576 9
576 10
576 11
576 13
577 1
577 2
577 3
577 4
577 5
577 6
577 7
577 8
577 9
577 10
577 11
577 12
577 13
578 1
578 2
578 3
578 4
578 5
578 6
578 7
578 8
578 9
578 10
578 11
578 12
578 13
579 1
579 2
579 3
579 4
579 5
579 6
579 7
579 8
579 9
579 10
579 11
579 12
579 13
580 1
580 2
580 3
580 4
580 5
580 6
580 7
580 8
580 9
580 10
580 11
580 12
580 13
581 1
581 2
581 3
581 4
581 5
581 6
581 7
581 8
581 9
581 10
581 11
581 12
581 13
582 1
582 2
582 3
582 4
582 5
582 6
582 7
582 8
582 9
582 10
582 11
583 1
583 2
583 3
583 4
583 5
583 6
583 7
583 8
583 9
583 10
583 11
583 12
584 1
584 2
584 3
584 4
584 5
584 6
584 7
584 8
584 9
584 10
584 11
584 12
585 1
585 2
585 3
585 4
585 5
585 6
585 7
585 8
585 9
585 10
585 11
585 12
586 1
586 2
586 3
586 4
586 5
586 6
586 7
586 8
586 9
586 10
586 11
586 12
586 13
587 1
587 2
587 3
587 4
587 5
587 6
587 7
587 8
587 9
587 10
587 11
587 12
587 13
588 1
588 2
588 3
588 4
588 5
588 6
588 7
588 8
588 9
588 10
588 11
588 13
589 1
589 2
589 3
589 4
589 5
589 6
589 7
589 8
589 9
589 10
589 11
589 12
589 13
590 1
590 2
590 3
590 4
590 5
590 6
590 7
590 8
590 9
590 10
590 11
590 12
590 13
590 14
591 1
591 2
591 3
591 4
591 5
591 6
591 7
591 8
591 9
591 10
591 11
591 12
591 13
592 1
592 2
592 3
592 4
592 5
592 6
592 7
592 8
592 9
592 10
592 11
592 12
592 13
592 14
593 1
593 2
593 3
593 4
593 5
593 6
593 7
593 8
593 9
593 10
593 11
593 12
593 13
593 14
594 1
594 2
594 3
594 4
594 5
594 6
594 7
594 8
594 9
594 10
594 11
594 13
594 14
595 1
595 2
595 3
595 4
595 5
595 6
595 7
595 8
595 9
595 10
595 11
595 12
596 1
596 2
596 3
596 4
596 5
596 6
596 7
596 8
596 9
596 10
596 11
596 12
597 1
597 2
597 3
597 4
597 5
597 6
597 7
597 8
597 9
597 10
597 11
597 12
597 13
598 1
598 2
598 3
598 4
598 5
598 6
598 7
598 8
598 9
598 10
598 11
598 12
599 1
599 2
599 3
599 4
599 5
599 6
599 7
599 8
599 9
599 10
599 11
599 12
599 13
600 1
600 2
600 3
600 4
600 5
600 6
600 7
600 8
600 9
600 10
600 11
600 13
601 1
601 2
601 3
601 4
601 5
601 6
601 7
601 8
601 9
601 10
601 11
601 12
601 13
602 1
602 2
602 3
602 4
602 5
602 6
602 7
602 8
602 9
602 10
602 11
602 12
602 13
603 1
603 2
603 3
603 4
603 5
603 6
603 7
603 8
603 9
603 10
603 11
603 12
603 13
603 14
604 1
604 2
604 3
604 4
604 5
604 6
604 7
604 8
604 9
604 10
604 11
604 12
604 13
605 1
605 2
605 3
605 4
605 5
605 6
605 7
605 8
605 9
605 10
605 11
605 12
605 13
605 14
606 1
606 2
606 3
606 4
606 5
606 6
606 7
606 8
606 9
606 10
606 11
606 12
606 13
606 14
607 1
607 2
607 3
607 4
607 5
607 6
607 7
607 8
607 9
607 10
607 11
607 12
607 13
608 1
608 2
608 3
608 4
608 5
608 6
608 7
608 8
608 9
608 10
608 11
608 12
608 13
609 1
609 2
609 3
609 4
609 5
609 6
609 7
609 8
609 9
609 10
609 11
609 12
609 13
610 1
610 2
610 3
610 4
610 5
610 6
610 7
610 8
610 9
610 10
610 11
610 12
610 13
611 1
611 2
611 3
611 4
611 5
611 6
611 7
611 8
611 9
611 10
611 11
611 12
612 1
612 2
612 3
612 4
612 5
612 6
612 7
612 8
612 9
612 10
612 11
612 12
612 13
613 1
613 2
613 3
613 4
613 5
613 6
613 7
613 8
613 9
613 10
613 11
613 12
613 13
613 14
614 1
614 2
614 3
614 4
614 5
614 6
614 7
614 8
614 9
614 10
614 11
614 12
614 13
615 1
615 2
615 3
615 4
615 5
615 6
615 7
615 8
615 9
615 10
615 11
615 12
615 13
615 14
616 1
616 2
616 3
616 4
616 5
616 6
616 7
616 8
616 9
616 10
616 11
616 12
616 13
617 1
617 2
617 3
617 4
617 5
617 6
617 7
617 8
617 9
617 10
617 11
617 12
617 13
617 14
618 1
618 2
618 3
618 4
618 5
618 6
618 7
618 8
618 9
618 10
618 11
618 12
618 13
618 14
619 1
619 2
619 3
619 4
619 5
619 6
619 7
619 8
619 9
619 10
619 11
619 12
620 1
620 2
620 3
620 4
620 5
620 6
620 7
620 8
620 9
620 10
620 11
620 12
621 1
621 2
621 3
621 4
621 5
621 6
621 7
621 8
621 9
621 10
621 11
621 12
621 13
622 1
622 2
622 3
622 4
622 5
622 6
622 7
622 8
622 9
622 10
622 11
622 12
622 13
623 1
623 2
623 3
623 4
623 5
623 6
623 7
623 8
623 9
623 10
623 11
623 12
623 13
624 1
624 2
624 3
624 4
624 5
624 6
624 7
624 8
624 9
624 10
624 11
624 12
625 1
625 2
625 3
625 4
625 5
625 6
625 7
625 8
625 9
625 10
625 11
625 12
625 13
626 1
626 2
626 3
626 4
626 5
626 6
626 7
626 8
626 9
626 10
626 11
626 12
626 13
626 14
627 1
627 2
627 3
627 4
627 5
627 6
627 7
627 8
627 9
627 10
627 11
627 12
627 13
627 14
628 1
628 2
628 3
628 4
628 5
628 6
628 7
628 8
628 9
628 10
628 11
628 12
628 13
628 14
629 1
629 2
629 3
629 4
629 5
629 6
629 7
629 8
629 9
629 10
629 11
629 12
629 13
629 14
629 15
630 1
630 2
630 3
630 4
630 5
630 6
630 7
630 8
630 9
630 10
630 11
630 12
630 13
631 1
631 2
631 3
631 4
631 5
631 6
631 7
631 8
631 9
631 10
631 11
631 12
631 13
631 14
632 1
632 2
632 3
632 4
632 5
632 6
632 7
632 8
632 9
632 10
632 11
632 12
632 13
632 14
632 15
633 1
633 2
633 3
633 4
633 5
633 6
633 7
633 8
633 9
633 10
633 11
633 12
633 13
633 14
634 1
634 2
634 3
634 4
634 5
634 6
634 7
634 8
634 9
634 10
634 11
634 12
634 13
634 15
635 1
635 2
635 3
635 4
635 5
635 6
635 7
635 8
635 9
635 10
635 11
635 12
635 13
635 14
635 16
636 1
636 2
636 3
636 4
636 5
636 6
636 7
636 8
636 9
636 10
636 11
636 12
636 13
636 14
637 1
637 2
637 3
637 4
637 5
637 6
637 7
637 8
637 9
637 10
637 11
637 12
637 15
638 1
638 2
638 3
638 4
638 5
638 6
638 7
638 8
638 9
638 10
638 11
638 12
638 13
639 1
639 2
639 3
639 4
639 5
639 6
639 7
639 8
639 9
639 10
639 11
639 12
639 13
639 14
640 1
640 2
640 3
640 4
640 5
640 6
640 7
640 8
640 9
640 10
640 11
640 12
640 13
640 14
641 1
641 2
641 3
641 4
641 5
641 6
641 7
641 8
641 9
641 10
641 11
641 12
641 13
641 14
642 1
642 2
642 3
642 4
642 5
642 6
642 7
642 8
642 9
642 10
642 11
642 12
642 13
642 14
643 1
643 2
643 3
643 4
643 5
643 6
643 7
643 8
643 9
643 10
643 11
643 12
643 13
643 14
644 1
644 2
644 3
644 4
644 5
644 6
644 7
644 8
644 9
644 10
644 11
644 12
644 13
644 15
645 1
645 2
645 3
645 4
645 5
645 6
645 7
645 8
645 9
645 10
645 11
645 12
645 13
645 14
646 1
646 2
646 3
646 4
646 5
646 6
646 7
646 8
646 9
646 10
646 11
646 12
646 13
646 14
646 15
647 1
647 2
647 3
647 4
647 5
647 6
647 7
647 8
647 9
647 10
647 11
647 12
647 13
647 14
647 15
648 1
648 2
648 3
648 4
648 5
648 6
648 7
648 8
648 9
648 10
648 11
648 12
648 13
649 1
649 2
649 3
649 4
649 5
649 6
649 7
649 8
649 9
649 10
649 11
649 12
649 13
649 14
649 15
650 1
650 2
650 3
650 4
650 5
650 6
650 7
650 8
650 9
650 10
650 11
650 12
650 14
651 1
651 2
651 3
651 4
651 5
651 6
651 7
651 8
651 9
651 10
651 11
651 12
651 13
652 1
652 2
652 3
652 4
652 5
652 6
652 7
652 8
652 9
652 10
652 11
652 12
652 13
652 14
653 1
653 2
653 3
653 4
653 5
653 6
653 7
653 8
653 9
653 10
653 11
653 12
653 13
653 14
654 1
654 2
654 3
654 4
654 5
654 6
654 7
654 8
654 9
654 10
654 11
654 12
654 13
654 14
655 1
655 2
655 3
655 4
655 5
655 6
655 7
655 8
655 9
655 10
655 11
655 12
655 13
655 14
656 1
656 2
656 3
656 4
656 5
656 6
656 7
656 8
656 9
656 10
656 11
656 12
656 13
656 14
656 15
657 1
657 2
657 3
657 4
657 5
657 6
657 7
657 8
657 9
657 10
657 11
657 12
657 13
657 14
658 1
658 2
658 3
658 4
658 5
658 6
658 7
658 8
658 9
658 10
658 11
658 12
658 13
658 15
659 1
659 2
659 3
659 4
659 5
659 6
659 7
659 8
659 9
659 10
659 11
659 12
659 13
659 14
659 15
659 16
660 1
660 2
660 3
660 4
660 5
660 6
660 7
660 8
660 9
660 10
660 11
660 12
660 13
661 1
661 2
661 3
661 4
661 5
661 6
661 7
661 8
661 9
661 10
661 11
661 12
661 13
661 14
661 15
662 1
662 2
662 3
662 4
662 5
662 6
662 7
662 8
662 9
662 10
662 11
662 12
662 13
662 15
663 1
663 2
663 3
663 4
663 5
663 6
663 7
663 8
663 9
663 10
663 11
663 12
663 13
663 14
664 1
664 2
664 3
664 4
664 5
664 6
664 7
664 8
664 9
664 10
664 11
664 12
664 13
664 14
664 15
665 1
665 2
665 3
665 4
665 5
665 6
665 7
665 8
665 9
665 10
665 11
665 12
665 13
665 15
665 16
666 1
666 2
666 3
666 4
666 5
666 6
666 7
666 8
666 9
666 10
666 11
666 12
666 13
666 14
667 1
667 2
667 3
667 4
667 5
667 6
667 7
667 8
667 9
667 10
667 11
667 12
667 13
667 14
668 1
668 2
668 3
668 4
668 5
668 6
668 7
668 8
668 9
668 10
668 11
668 12
668 13
668 14
668 15
669 1
669 2
669 3
669 4
669 5
669 6
669 7
669 8
669 9
669 10
669 11
669 12
669 13
669 14
670 1
670 2
670 3
670 4
670 5
670 6
670 7
670 8
670 9
670 10
670 11
670 12
670 13
670 14
671 1
671 2
671 3
671 4
671 5
671 6
671 7
671 8
671 9
671 10
671 11
671 12
671 13
671 14
671 15
672 1
672 2
672 3
672 4
672 5
672 6
672 7
672 8
672 9
672 10
672 11
672 12
672 13
673 1
673 2
673 3
673 4
673 5
673 6
673 7
673 8
673 9
673 10
673 11
673 12
673 13
673 14
673 15
674 1
674 2
674 3
674 4
674 5
674 6
674 7
674 8
674 9
674 10
674 11
674 12
674 13
674 14
674 15
675 1
675 2
675 3
675 4
675 5
675 6
675 7
675 8
675 9
675 10
675 11
675 12
675 13
675 14
676 1
676 2
676 3
676 4
676 5
676 6
676 7
676 8
676 9
676 10
676 11
676 12
676 13
676 14
676 15
677 1
677 2
677 3
677 4
677 5
677 6
677 7
677 8
677 9
677 10
677 11
677 12
677 13
677 14
677 15
677 16
678 1
678 2
678 3
678 4
678 5
678 6
678 7
678 8
678 9
678 10
678 11
678 12
678 13
678 14
679 1
679 2
679 3
679 4
679 5
679 6
679 7
679 8
679 9
679 10
679 11
679 12
679 13
680 1
680 2
680 3
680 4
680 5
680 6
680 7
680 8
680 9
680 10
680 11
680 12
680 13
680 14
681 1
681 2
681 3
681 4
681 5
681 6
681 7
681 8
681 9
681 10
681 11
681 12
681 13
681 14
681 15
682 1
682 2
682 3
682 4
682 5
682 6
682 7
682 8
682 9
682 10
682 11
682 12
682 13
682 14
683 1
683 2
683 3
683 4
683 5
683 6
683 7
683 8
683 9
683 10
683 11
683 12
683 13
683 14
684 1
684 2
684 3
684 4
684 5
684 6
684 7
684 8
684 9
684 10
684 11
684 12
684 13
684 14
685 1
685 2
685 3
685 4
685 5
685 6
685 7
685 8
685 9
685 10
685 11
685 12
685 13
685 14
686 1
686 2
686 3
686 4
686 5
686 6
686 7
686 8
686 9
686 10
686 11
686 12
686 13
686 15
687 1
687 2
687 3
687 4
687 5
687 6
687 7
687 8
687 9
687 10
687 11
687 12
687 13
687 14
687 15
688 1
688 2
688 3
688 4
688 5
688 6
688 7
688 8
688 9
688 10
688 11
688 12
688 13
688 14
688 15
689 1
689 2
689 3
689 4
689 5
689 6
689 7
689 8
689 9
689 10
689 11
689 12
689 13
689 14
689 15
689 16
690 1
690 2
690 3
690 4
690 5
690 6
690 7
690 8
690 9
690 10
690 11
690 12
690 13
690 14
691 1
691 2
691 3
691 4
691 5
691 6
691 7
691 8
691 9
691 10
691 11
691 12
691 13
691 14
691 15
691 16
692 1
692 2
692 3
692 4
692 5
692 6
692 7
692 8
692 9
692 10
692 11
692 12
692 13
692 14
692 15
693 1
693 2
693 3
693 4
693 5
693 6
693 7
693 8
693 9
693 10
693 11
693 12
693 13
694 1
694 2
694 3
694 4
694 5
694 6
694 7
694 8
694 9
694 10
694 11
694 12
694 13
694 14
695 1
695 2
695 3
695 4
695 5
695 6
695 7
695 8
695 9
695 10
695 11
695 12
695 13
695 14
695 15
696 1
696 2
696 3
696 4
696 5
696 6
696 7
696 8
696 9
696 10
696 11
696 12
696 13
696 14
697 1
697 2
697 3
697 4
697 5
697 6
697 7
697 8
697 9
697 10
697 11
697 12
697 13
697 14
697 15
698 1
698 2
698 3
698 4
698 5
698 6
698 7
698 8
698 9
698 10
698 11
698 12
698 13
698 14
698 15
699 1
699 2
699 3
699 4
699 5
699 6
699 7
699 8
699 9
699 10
699 11
699 12
699 13
699 14
699 15
700 1
700 2
700 3
700 4
700 5
700 6
700 7
700 8
700 9
700 10
700 11
700 12
700 13
700 15
701 1
701 2
701 3
701 4
701 5
701 6
701 7
701 8
701 9
701 10
701 11
701 12
701 13
701 14
701 15
702 1
702 2
702 3
702 4
702 5
702 6
702 7
702 8
702 9
702 10
702 11
702 12
702 13
702 14
702 15
703 1
703 2
703 3
703 4
703 5
703 6
703 7
703 8
703 9
703 10
703 11
703 12
703 13
703 14
703 15
703 16
704 1
704 2
704 3
704 4
704 5
704 6
704 7
704 8
704 9
704 10
704 11
704 12
704 13
704 14
704 15
705 1
705 2
705 3
705 4
705 5
705 6
705 7
705 8
705 9
705 10
705 11
705 12
705 13
705 14
705 16
706 1
706 2
706 3
706 4
706 5
706 6
706 7
706 8
706 9
706 10
706 11
706 12
706 13
706 14
706 15
707 1
707 2
707 3
707 4
707 5
707 6
707 7
707 8
707 9
707 10
707 11
707 12
707 13
707 14
707 15
707 16
708 1
708 2
708 3
708 4
708 5
708 6
708 7
708 8
708 9
708 10
708 11
708 12
708 13
708 14
709 1
709 2
709 3
709 4
709 5
709 6
709 7
709 8
709 9
709 10
709 11
709 12
709 13
709 14
709 15
710 1
710 2
710 3
710 4
710 5
710 6
710 7
710 8
710 9
710 10
710 11
710 12
710 13
710 14
710 15
711 1
711 2
711 3
711 4
711 5
711 6
711 7
711 8
711 9
711 10
711 11
711 12
711 13
711 14
711 15
712 1
712 2
712 3
712 4
712 5
712 6
712 7
712 8
712 9
712 10
712 11
712 12
712 13
712 14
712 15
713 1
713 2
713 3
713 4
713 5
713 6
713 7
713 8
713 9
713 10
713 11
713 12
713 13
713 14
713 15
714 1
714 2
714 3
714 4
714 5
714 6
714 7
714 8
714 9
714 10
714 11
714 12
714 13
714 14
714 15
715 1
715 2
715 3
715 4
715 5
715 6
715 7
715 8
715 9
715 10
715 11
715 12
715 13
715 14
715 15
715 16
716 1
716 2
716 3
716 4
716 5
716 6
716 7
716 8
716 9
716 10
716 11
716 12
716 13
716 14
716 15
717 1
717 2
717 3
717 4
717 5
717 6
717 7
717 8
717 9
717 10
717 11
717 12
717 13
717 14
717 15
717 16
718 1
718 2
718 3
718 4
718 5
718 6
718 7
718 8
718 9
718 10
718 11
718 12
718 13
718 14
718 15
718 17
719 1
719 2
719 3
719 4
719 5
719 6
719 7
719 8
719 9
719 10
719 11
719 12
719 13
719 14
719 15
719 16
720 1
720 2
720 3
720 4
720 5
720 6
720 7
720 8
720 9
720 10
720 11
720 12
720 13
720 14
720 17
721 1
721 2
721 3
721 4
721 5
721 6
721 7
721 8
721 9
721 10
721 11
721 12
721 13
721 14
721 15
721 16
721 17
722 1
722 2
722 3
722 4
722 5
722 6
722 7
722 8
722 9
722 10
722 11
722 12
722 13
722 14
722 15
722 16
722 17
723 1
723 2
723 3
723 4
723 5
723 6
723 7
723 8
723 9
723 10
723 11
723 12
723 13
723 14
723 15
723 16
723 17
724 1
724 2
724 3
724 4
724 5
724 6
724 7
724 8
724 9
724 10
724 11
724 12
724 13
724 14
724 15
724 17
725 1
725 2
725 3
725 4
725 5
725 6
725 7
725 8
725 9
725 10
725 11
725 12
725 13
725 14
725 15
725 16
725 17
726 1
726 2
726 3
726 4
726 5
726 6
726 7
726 8
726 9
726 10
726 11
726 12
726 13
726 14
726 15
726 16
726 17
727 1
727 2
727 3
727 4
727 5
727 6
727 7
727 8
727 9
727 10
727 11
727 12
727 13
727 14
727 15
727 16
727 17
727 18
728 1
728 2
728 3
728 4
728 5
728 6
728 7
728 8
728 9
728 10
728 11
728 12
728 13
728 14
728 15
728 17
729 1
729 2
729 3
729 4
729 5
729 6
729 7
729 8
729 9
729 10
729 11
729 12
729 13
729 14
729 15
730 1
730 2
730 3
730 4
730 5
730 6
730 7
730 8
730 9
730 10
730 11
730 12
730 13
730 14
730 15
730 16
731 1
731 2
731 3
731 4
731 5
731 6
731 7
731 8
731 9
731 10
731 11
731 12
731 13
731 14
731 15
731 16
732 1
732 2
732 3
732 4
732 5
732 6
732 7
732 8
732 9
732 10
732 11
732 12
732 13
732 14
732 15
733 1
733 2
733 3
733 4
733 5
733 6
733 7
733 8
733 9
733 10
733 11
733 12
733 13
733 14
733 15
733 16
733 17
734 1
734 2
734 3
734 4
734 5
734 6
734 7
734 8
734 9
734 10
734 11
734 12
734 13
734 14
734 15
734 16
734 17
735 1
735 2
735 3
735 4
735 5
735 6
735 7
735 8
735 9
735 10
735 11
735 12
735 13
735 14
735 16
735 17
736 1
736 2
736 3
736 4
736 5
736 6
736 7
736 8
736 9
736 10
736 11
736 12
736 13
736 14
736 15
736 17
737 1
737 2
737 3
737 4
737 5
737 6
737 7
737 8
737 9
737 10
737 11
737 12
737 13
737 14
737 15
737 16
737 17
738 1
738 2
738 3
738 4
738 5
738 6
738 7
738 8
738 9
738 10
738 11
738 12
738 13
738 14
738 15
738 16
738 17
739 1
739 2
739 3
739 4
739 5
739 6
739 7
739 8
739 9
739 10
739 11
739 12
739 13
739 14
739 15
739 16
739 17
739 18
740 1
740 2
740 3
740 4
740 5
740 6
740 7
740 8
740 9
740 10
740 11
740 12
740 13
740 14
740 15
740 16
740 17
741 1
741 2
741 3
741 4
741 5
741 6
741 7
741 8
741 9
741 10
741 11
741 12
741 13
741 14
741 15
741 16
741 17
742 1
742 2
742 3
742 4
742 5
742 6
742 7
742 8
742 9
742 10
742 11
742 12
742 13
742 14
742 15
742 16
742 17
743 1
743 2
743 3
743 4
743 5
743 6
743 7
743 8
743 9
743 10
743 11
743 12
743 13
743 14
743 15
743 16
743 17
743 18
744 1
744 2
744 3
744 4
744 5
744 6
744 7
744 8
744 9
744 10
744 11
744 12
744 13
744 14
744 15
744 17
745 1
745 2
745 3
745 4
745 5
745 6
745 7
745 8
745 9
745 10
745 11
745 12
745 13
745 14
745 15
745 16
746 1
746 2
746 3
746 4
746 5
746 6
746 7
746 8
746 9
746 10
746 11
746 12
746 13
746 14
746 15
746 16
747 1
747 2
747 3
747 4
747 5
747 6
747 7
747 8
747 9
747 10
747 11
747 12
747 13
747 14
747 15
747 16
747 17
748 1
748 2
748 3
748 4
748 5
748 6
748 7
748 8
748 9
748 10
748 11
748 12
748 13
748 14
748 15
748 16
749 1
749 2
749 3
749 4
749 5
749 6
749 7
749 8
749 9
749 10
749 11
749 12
749 13
749 14
749 15
749 16
749 17
750 1
750 2
750 3
750 4
750 5
750 6
750 7
750 8
750 9
750 10
750 11
750 12
750 13
750 14
750 16
750 17
751 1
751 2
751 3
751 4
751 5
751 6
751 7
751 8
751 9
751 10
751 11
751 12
751 13
751 14
751 15
751 16
751 17
751 18
752 1
752 2
752 3
752 4
752 5
752 6
752 7
752 8
752 9
752 10
752 11
752 12
752 13
752 14
752 15
752 17
753 1
753 2
753 3
753 4
753 5
753 6
753 7
753 8
753 9
753 10
753 11
753 12
753 13
753 14
753 15
753 16
753 17
754 1
754 2
754 3
754 4
754 5
754 6
754 7
754 8
754 9
754 10
754 11
754 12
754 13
754 14
754 15
754 16
754 17
755 1
755 2
755 3
755 4
755 5
755 6
755 7
755 8
755 9
755 10
755 11
755 12
755 13
755 14
755 15
755 16
755 17
755 18
756 1
756 2
756 3
756 4
756 5
756 6
756 7
756 8
756 9
756 10
756 11
756 12
756 13
756 14
756 15
756 16
756 17
757 1
757 2
757 3
757 4
757 5
757 6
757 7
757 8
757 9
757 10
757 11
757 12
757 13
757 14
757 15
757 16
757 17
757 18
758 1
758 2
758 3
758 4
758 5
758 6
758 7
758 8
758 9
758 10
758 11
758 12
758 13
758 14
758 15
758 16
758 17
759 1
759 2
759 3
759 4
759 5
759 6
759 7
759 8
759 9
759 10
759 11
759 12
759 13
759 14
759 15
759 16
759 17
760 1
760 2
760 3
760 4
760 5
760 6
760 7
760 8
760 9
760 10
760 11
760 12
760 13
760 14
760 15
761 1
761 2
761 3
761 4
761 5
761 6
761 7
761 8
761 9
761 10
761 11
761 12
761 13
761 14
761 15
761 16
762 1
762 2
762 3
762 4
762 5
762 6
762 7
762 8
762 9
762 10
762 11
762 12
762 13
762 14
762 15
762 17
763 1
763 2
763 3
763 4
763 5
763 6
763 7
763 8
763 9
763 10
763 11
763 12
763 13
763 14
763 15
763 16
763 17
764 1
764 2
764 3
764 4
764 5
764 6
764 7
764 8
764 9
764 10
764 11
764 12
764 13
764 14
764 15
764 16
764 17
765 1
765 2
765 3
765 4
765 5
765 6
765 7
765 8
765 9
765 10
765 11
765 12
765 13
765 14
765 15
765 16
766 1
766 2
766 3
766 4
766 5
766 6
766 7
766 8
766 9
766 10
766 11
766 12
766 13
766 14
766 15
766 16
766 17
767 1
767 2
767 3
767 4
767 5
767 6
767 7
767 8
767 9
767 10
767 11
767 12
767 13
767 14
767 15
767 16
767 17
768 1
768 2
768 3
768 4
768 5
768 6
768 7
768 8
768 9
768 10
768 11
768 12
768 13
768 14
768 15
768 17
769 1
769 2
769 3
769 4
769 5
769 6
769 7
769 8
769 9
769 10
769 11
769 12
769 13
769 14
769 15
769 16
769 17
769 18
770 1
770 2
770 3
770 4
770 5
770 6
770 7
770 8
770 9
770 10
770 11
770 12
770 13
770 14
770 15
770 16
770 17
770 18
771 1
771 2
771 3
771 4
771 5
771 6
771 7
771 8
771 9
771 10
771 11
771 12
771 13
771 14
771 15
771 16
771 17
772 1
772 2
772 3
772 4
772 5
772 6
772 7
772 8
772 9
772 10
772 11
772 12
772 13
772 14
772 15
772 16
772 17
772 18
773 1
773 2
773 3
773 4
773 5
773 6
773 7
773 8
773 9
773 10
773 11
773 12
773 13
773 14
773 15
773 16
773 17
774 1
774 2
774 3
774 4
774 5
774 6
774 7
774 8
774 9
774 10
774 11
774 12
774 13
774 14
774 15
774 16
774 17
775 1
775 2
775 3
775 4
775 5
775 6
775 7
775 8
775 9
775 10
775 11
775 12
775 13
775 14
775 15
775 16
775 17
775 18
775 19
776 1
776 2
776 3
776 4
776 5
776 6
776 7
776 8
776 9
776 10
776 11
776 12
776 13
776 14
776 15
777 1
777 2
777 3
777 4
777 5
777 6
777 7
777 8
777 9
777 10
777 11
777 12
777 13
777 14
777 15
777 16
778 1
778 2
778 3
778 4
778 5
778 6
778 7
778 8
778 9
778 10
778 11
778 12
778 13
778 14
778 15
778 16
778 17
779 1
779 2
779 3
779 4
779 5
779 6
779 7
779 8
779 9
779 10
779 11
779 12
779 13
779 14
779 15
779 16
779 17
780 1
780 2
780 3
780 4
780 5
780 6
780 7
780 8
780 9
780 10
780 11
780 12
780 13
780 14
780 15
780 16
780 17
781 1
781 2
781 3
781 4
781 5
781 6
781 7
781 8
781 9
781 10
781 11
781 12
781 13
781 14
781 15
781 16
781 17
782 1
782 2
782 3
782 4
782 5
782 6
782 7
782 8
782 9
782 10
782 11
782 12
782 13
782 14
782 15
782 16
783 1
783 2
783 3
783 4
783 5
783 6
783 7
783 8
783 9
783 10
783 11
783 12
783 13
783 14
783 15
783 16
783 17
784 1
784 2
784 3
784 4
784 5
784 6
784 7
784 8
784 9
784 10
784 11
784 12
784 13
784 14
784 15
784 17
784 18
785 1
785 2
785 3
785 4
785 5
785 6
785 7
785 8
785 9
785 10
785 11
785 12
785 13
785 14
785 15
785 16
785 17
785 18
786 1
786 2
786 3
786 4
786 5
786 6
786 7
786 8
786 9
786 10
786 11
786 12
786 13
786 14
786 15
786 16
786 17
787 1
787 2
787 3
787 4
787 5
787 6
787 7
787 8
787 9
787 10
787 11
787 12
787 13
787 14
787 15
787 16
787 17
788 1
788 2
788 3
788 4
788 5
788 6
788 7
788 8
788 9
788 10
788 11
788 12
788 13
788 14
788 15
788 16
788 17
788 18
789 1
789 2
789 3
789 4
789 5
789 6
789 7
789 8
789 9
789 10
789 11
789 12
789 13
789 14
789 15
789 16
789 17
790 1
790 2
790 3
790 4
790 5
790 6
790 7
790 8
790 9
790 10
790 11
790 12
790 13
790 14
790 15
790 16
790 17
790 18
791 1
791 2
791 3
791 4
791 5
791 6
791 7
791 8
791 9
791 10
791 11
791 12
791 13
791 14
791 15
791 16
791 17
791 18
791 19
792 1
792 2
792 3
792 4
792 5
792 6
792 7
792 8
792 9
792 10
792 11
792 12
792 13
792 14
792 15
792 17
792 19
793 1
793 2
793 3
793 4
793 5
793 6
793 7
793 8
793 9
793 10
793 11
793 12
793 13
793 14
793 15
793 16
793 17
794 1
794 2
794 3
794 4
794 5
794 6
794 7
794 8
794 9
794 10
794 11
794 12
794 13
794 14
794 15
794 16
794 17
795 1
795 2
795 3
795 4
795 5
795 6
795 7
795 8
795 9
795 10
795 11
795 12
795 13
795 14
795 15
795 16
795 17
796 1
796 2
796 3
796 4
796 5
796 6
796 7
796 8
796 9
796 10
796 11
796 12
796 13
796 14
796 15
796 16
796 17
797 1
797 2
797 3
797 4
797 5
797 6
797 7
797 8
797 9
797 10
797 11
797 12
797 13
797 14
797 15
797 16
797 17
798 1
798 2
798 3
798 4
798 5
798 6
798 7
798 8
798 9
798 10
798 11
798 12
798 13
798 14
798 15
798 16
798 17
798 18
799 1
799 2
799 3
799 4
799 5
799 6
799 7
799 8
799 9
799 10
799 11
799 12
799 13
799 14
799 15
799 16
799 18
800 1
800 2
800 3
800 4
800 5
800 6
800 7
800 8
800 9
800 10
800 11
800 12
800 13
800 14
800 15
800 17
800 18
801 1
801 2
801 3
801 4
801 5
801 6
801 7
801 8
801 9
801 10
801 11
801 12
801 13
801 14
801 15
801 16
801 17
802 1
802 2
802 3
802 4
802 5
802 6
802 7
802 8
802 9
802 10
802 11
802 12
802 13
802 14
802 15
802 16
802 17
802 18
803 1
803 2
803 3
803 4
803 5
803 6
803 7
803 8
803 9
803 10
803 11
803 12
803 13
803 14
803 15
803 16
803 17
803 18
804 1
804 2
804 3
804 4
804 5
804 6
804 7
804 8
804 9
804 10
804 11
804 12
804 13
804 14
804 15
804 16
804 17
805 1
805 2
805 3
805 4
805 5
805 6
805 7
805 8
805 9
805 10
805 11
805 12
805 13
805 14
805 15
805 16
805 17
805 18
805 19
806 1
806 2
806 3
806 4
806 5
806 6
806 7
806 8
806 9
806 10
806 11
806 12
806 13
806 14
806 15
806 16
806 17
806 18
806 19
807 1
807 2
807 3
807 4
807 5
807 6
807 7
807 8
807 9
807 10
807 11
807 12
807 13
807 14
807 15
807 16
807 17
807 18
807 19
808 1
808 2
808 3
808 4
808 5
808 6
808 7
808 8
808 9
808 10
808 11
808 12
808 13
808 14
808 15
808 16
808 17
808 18
808 19
809 1
809 2
809 3
809 4
809 5
809 6
809 7
809 8
809 9
809 10
809 11
809 12
809 13
809 14
809 15
809 16
810 1
810 2
810 3
810 4
810 5
810 6
810 7
810 8
810 9
810 10
810 11
810 12
810 13
810 14
810 15
810 16
810 17
811 1
811 2
811 3
811 4
811 5
811 6
811 7
811 8
811 9
811 10
811 11
811 12
811 13
811 14
811 15
811 16
811 17
812 1
812 2
812 3
812 4
812 5
812 6
812 7
812 8
812 9
812 10
812 11
812 12
812 13
812 14
812 15
812 16
812 17
813 1
813 2
813 3
813 4
813 5
813 6
813 7
813 8
813 9
813 10
813 11
813 12
813 13
813 14
813 15
813 16
813 17
813 18
814 1
814 2
814 3
814 4
814 5
814 6
814 7
814 8
814 9
814 10
814 11
814 12
814 13
814 14
814 15
814 16
814 17
814 18
815 1
815 2
815 3
815 4
815 5
815 6
815 7
815 8
815 9
815 10
815 11
815 12
815 13
815 14
815 15
815 16
815 17
815 18
816 1
816 2
816 3
816 4
816 5
816 6
816 7
816 8
816 9
816 10
816 11
816 12
816 13
816 14
816 15
816 16
817 1
817 2
817 3
817 4
817 5
817 6
817 7
817 8
817 9
817 10
817 11
817 12
817 13
817 14
817 15
817 16
817 17
817 18
818 1
818 2
818 3
818 4
818 5
818 6
818 7
818 8
818 9
818 10
818 11
818 12
818 13
818 14
818 15
818 16
818 17
818 18
819 1
819 2
819 3
819 4
819 5
819 6
819 7
819 8
819 9
819 10
819 11
819 12
819 13
819 14
819 15
819 16
819 17
820 1
820 2
820 3
820 4
820 5
820 6
820 7
820 8
820 9
820 10
820 11
820 12
820 13
820 14
820 15
820 16
820 17
820 18
821 1
821 2
821 3
821 4
821 5
821 6
821 7
821 8
821 9
821 10
821 11
821 12
821 13
821 14
821 15
821 16
821 17
821 18
822 1
822 2
822 3
822 4
822 5
822 6
822 7
822 8
822 9
822 10
822 11
822 12
822 13
822 14
822 15
822 16
822 17
823 1
823 2
823 3
823 4
823 5
823 6
823 7
823 8
823 9
823 10
823 11
823 12
823 13
823 14
823 15
823 16
823 17
823 18
823 19
824 1
824 2
824 3
824 4
824 5
824 6
824 7
824 8
824 9
824 10
824 11
824 12
824 13
824 14
824 15
824 16
824 17
824 18
824 19
825 1
825 2
825 3
825 4
825 5
825 6
825 7
825 8
825 9
825 10
825 11
825 12
825 13
825 14
825 15
825 16
826 1
826 2
826 3
826 4
826 5
826 6
826 7
826 8
826 9
826 10
826 11
826 12
826 13
826 14
826 15
826 16
826 17
827 1
827 2
827 3
827 4
827 5
827 6
827 7
827 8
827 9
827 10
827 11
827 12
827 13
827 14
827 15
827 16
827 17
828 1
828 2
828 3
828 4
828 5
828 6
828 7
828 8
828 9
828 10
828 11
828 12
828 13
828 14
828 15
828 16
828 17
829 1
829 2
829 3
829 4
829 5
829 6
829 7
829 8
829 9
829 10
829 11
829 12
829 13
829 14
829 15
829 16
829 17
829 18
830 1
830 2
830 3
830 4
830 5
830 6
830 7
830 8
830 9
830 10
830 11
830 12
830 13
830 14
830 15
830 16
830 17
830 18
831 1
831 2
831 3
831 4
831 5
831 6
831 7
831 8
831 9
831 10
831 11
831 12
831 13
831 14
831 15
831 16
831 17
832 1
832 2
832 3
832 4
832 5
832 6
832 7
832 8
832 9
832 10
832 11
832 12
832 13
832 14
832 15
832 16
832 17
832 18
833 1
833 2
833 3
833 4
833 5
833 6
833 7
833 8
833 9
833 10
833 11
833 12
833 13
833 14
833 15
833 16
833 18
834 1
834 2
834 3
834 4
834 5
834 6
834 7
834 8
834 9
834 10
834 11
834 12
834 13
834 14
834 15
834 16
834 17
834 18
834 19
835 1
835 2
835 3
835 4
835 5
835 6
835 7
835 8
835 9
835 10
835 11
835 12
835 13
835 14
835 15
835 16
835 17
835 18
835 19
835 21
836 1
836 2
836 3
836 4
836 5
836 6
836 7
836 8
836 9
836 10
836 11
836 12
836 13
836 14
836 15
836 16
836 17
836 18
836 21
837 1
837 2
837 3
837 4
837 5
837 6
837 7
837 8
837 9
837 10
837 11
837 12
837 13
837 14
837 15
837 16
837 17
837 19
837 20
838 1
838 2
838 3
838 4
838 5
838 6
838 7
838 8
838 9
838 10
838 11
838 12
838 13
838 14
838 15
838 16
838 17
838 18
838 19
839 1
839 2
839 3
839 4
839 5
839 6
839 7
839 8
839 9
839 10
839 11
839 12
839 13
839 14
839 15
839 16
839 17
839 18
839 19
840 1
840 2
840 3
840 4
840 5
840 6
840 7
840 8
840 9
840 10
840 11
840 12
840 13
840 14
840 15
840 16
840 17
840 18
840 19
841 1
841 2
841 3
841 4
841 5
841 6
841 7
841 8
841 9
841 10
841 11
841 12
841 13
841 14
841 15
841 16
841 17
841 18
841 19
841 20
842 1
842 2
842 3
842 4
842 5
842 6
842 7
842 8
842 9
842 10
842 11
842 12
842 13
842 14
842 15
842 16
842 17
842 18
842 19
842 20
843 1
843 2
843 3
843 4
843 5
843 6
843 7
843 8
843 9
843 10
843 11
843 12
843 13
843 14
843 15
843 16
843 17
843 18
843 19
843 20
844 1
844 2
844 3
844 4
844 5
844 6
844 7
844 8
844 9
844 10
844 11
844 12
844 13
844 14
844 15
844 16
844 17
844 18
844 19
845 1
845 2
845 3
845 4
845 5
845 6
845 7
845 8
845 9
845 10
845 11
845 12
845 13
845 14
845 15
845 16
845 17
845 18
845 19
846 1
846 2
846 3
846 4
846 5
846 6
846 7
846 8
846 9
846 10
846 11
846 12
846 13
846 14
846 15
846 16
846 17
846 19
846 20
847 1
847 2
847 3
847 4
847 5
847 6
847 7
847 8
847 9
847 10
847 11
847 12
847 13
847 14
847 15
847 16
847 17
847 18
847 19
847 20
848 1
848 2
848 3
848 4
848 5
848 6
848 7
848 8
848 9
848 10
848 11
848 12
848 13
848 14
848 15
848 16
848 17
848 18
848 19
848 21
849 1
849 2
849 3
849 4
849 5
849 6
849 7
849 8
849 9
849 10
849 11
849 12
849 13
849 14
849 15
849 16
849 17
849 18
849 19
849 20
850 1
850 2
850 3
850 4
850 5
850 6
850 7
850 8
850 9
850 10
850 11
850 12
850 13
850 14
850 15
850 16
850 18
850 19
850 21
851 1
851 2
851 3
851 4
851 5
851 6
851 7
851 8
851 9
851 10
851 11
851 12
851 13
851 14
851 15
851 16
851 17
851 18
851 19
851 20
852 1
852 2
852 3
852 4
852 5
852 6
852 7
852 8
852 9
852 10
852 11
852 12
852 13
852 14
852 15
852 16
852 17
852 18
852 19
853 1
853 2
853 3
853 4
853 5
853 6
853 7
853 8
853 9
853 10
853 11
853 12
853 13
853 14
853 15
853 16
853 17
853 18
853 19
853 20
853 21
854 1
854 2
854 3
854 4
854 5
854 6
854 7
854 8
854 9
854 10
854 11
854 12
854 13
854 14
854 15
854 16
854 17
854 18
854 19
854 20
855 1
855 2
855 3
855 4
855 5
855 6
855 7
855 8
855 9
855 10
855 11
855 12
855 13
855 14
855 15
855 16
855 17
855 22
856 1
856 2
856 3
856 4
856 5
856 6
856 7
856 8
856 9
856 10
856 11
856 12
856 13
856 14
856 15
856 16
856 17
856 18
856 19
857 1
857 2
857 3
857 4
857 5
857 6
857 7
857 8
857 9
857 10
857 11
857 12
857 13
857 14
857 15
857 16
857 17
857 18
857 19
858 1
858 2
858 3
858 4
858 5
858 6
858 7
858 8
858 9
858 10
858 11
858 12
858 13
858 14
858 15
858 16
858 17
858 18
858 19
859 1
859 2
859 3
859 4
859 5
859 6
859 7
859 8
859 9
859 10
859 11
859 12
859 13
859 14
859 15
859 16
859 17
859 18
859 19
859 20
860 1
860 2
860 3
860 4
860 5
860 6
860 7
860 8
860 9
860 10
860 11
860 12
860 13
860 14
860 15
860 16
860 17
860 18
860 19
861 1
861 2
861 3
861 4
861 5
861 6
861 7
861 8
861 9
861 10
861 11
861 12
861 13
861 14
861 15
861 16
861 17
861 18
861 19
861 20
862 1
862 2
862 3
862 4
862 5
862 6
862 7
862 8
862 9
862 10
862 11
862 12
862 13
862 14
862 15
862 16
862 17
862 18
862 19
862 20
863 1
863 2
863 3
863 4
863 5
863 6
863 7
863 8
863 9
863 10
863 11
863 12
863 13
863 14
863 15
863 16
863 17
863 18
863 19
863 20
864 1
864 2
864 3
864 4
864 5
864 6
864 7
864 8
864 9
864 10
864 11
864 12
864 13
864 14
864 15
864 16
864 17
864 19
865 1
865 2
865 3
865 4
865 5
865 6
865 7
865 8
865 9
865 10
865 11
865 12
865 13
865 14
865 15
865 16
865 17
865 18
865 19
865 21
866 1
866 2
866 3
866 4
866 5
866 6
866 7
866 8
866 9
866 10
866 11
866 12
866 13
866 14
866 15
866 16
866 17
866 18
866 19
866 21
867 1
867 2
867 3
867 4
867 5
867 6
867 7
867 8
867 9
867 10
867 11
867 12
867 13
867 14
867 15
867 16
867 17
867 18
867 19
867 20
868 1
868 2
868 3
868 4
868 5
868 6
868 7
868 8
868 9
868 10
868 11
868 12
868 13
868 14
868 15
868 16
868 17
868 18
868 19
869 1
869 2
869 3
869 4
869 5
869 6
869 7
869 8
869 9
869 10
869 11
869 12
869 13
869 14
869 15
869 16
869 17
869 18
869 19
869 20
869 21
870 1
870 2
870 3
870 4
870 5
870 6
870 7
870 8
870 9
870 10
870 11
870 12
870 13
870 14
870 15
870 16
870 17
870 18
870 19
871 1
871 2
871 3
871 4
871 5
871 6
871 7
871 8
871 9
871 10
871 11
871 12
871 13
871 14
871 15
871 16
871 17
871 18
871 19
871 20
871 21
871 22
872 1
872 2
872 3
872 4
872 5
872 6
872 7
872 8
872 9
872 10
872 11
872 12
872 13
872 14
872 15
872 16
872 17
872 18
872 19
872 21
873 1
873 2
873 3
873 4
873 5
873 6
873 7
873 8
873 9
873 10
873 11
873 12
873 13
873 14
873 15
873 16
873 17
873 19
873 20
874 1
874 2
874 3
874 4
874 5
874 6
874 7
874 8
874 9
874 10
874 11
874 12
874 13
874 14
874 15
874 16
874 17
874 18
874 20
874 21
875 1
875 2
875 3
875 4
875 5
875 6
875 7
875 8
875 9
875 10
875 11
875 12
875 13
875 14
875 15
875 16
875 17
875 18
875 19
876 1
876 2
876 3
876 4
876 5
876 6
876 7
876 8
876 9
876 10
876 11
876 12
876 13
876 14
876 15
876 16
876 17
876 18
876 19
877 1
877 2
877 3
877 4
877 5
877 6
877 7
877 8
877 9
877 10
877 11
877 12
877 13
877 14
877 15
877 16
877 17
877 18
877 19
877 20
878 1
878 2
878 3
878 4
878 5
878 6
878 7
878 8
878 9
878 10
878 11
878 12
878 13
878 14
878 15
878 16
878 17
878 18
878 19
878 20
879 1
879 2
879 3
879 4
879 5
879 6
879 7
879 8
879 9
879 10
879 11
879 12
879 13
879 14
879 15
879 16
879 17
879 18
879 19
879 20
880 1
880 2
880 3
880 4
880 5
880 6
880 7
880 8
880 9
880 10
880 11
880 12
880 13
880 14
880 15
880 16
880 17
880 18
880 19
881 1
881 2
881 3
881 4
881 5
881 6
881 7
881 8
881 9
881 10
881 11
881 12
881 13
881 14
881 15
881 16
881 17
881 18
881 19
881 20
882 1
882 2
882 3
882 4
882 5
882 6
882 7
882 8
882 9
882 10
882 11
882 12
882 13
882 14
882 15
882 16
882 17
882 19
883 1
883 2
883 3
883 4
883 5
883 6
883 7
883 8
883 9
883 10
883 11
883 12
883 13
883 14
883 15
883 16
883 17
883 18
883 19
883 20
883 21
884 1
884 2
884 3
884 4
884 5
884 6
884 7
884 8
884 9
884 10
884 11
884 12
884 13
884 14
884 15
884 16
884 17
884 18
884 19
884 21
885 1
885 2
885 3
885 4
885 5
885 6
885 7
885 8
885 9
885 10
885 11
885 12
885 13
885 14
885 15
885 16
885 17
885 18
885 19
885 21
886 1
886 2
886 3
886 4
886 5
886 6
886 7
886 8
886 9
886 10
886 11
886 12
886 13
886 14
886 15
886 16
886 17
886 18
886 19
886 21
887 1
887 2
887 3
887 4
887 5
887 6
887 7
887 8
887 9
887 10
887 11
887 12
887 13
887 14
887 15
887 16
887 17
887 18
887 19
887 20
887 21
888 1
888 2
888 3
888 4
888 5
888 6
888 7
888 8
888 9
888 10
888 11
888 12
888 13
888 14
888 15
888 16
888 17
888 18
888 19
888 21
889 1
889 2
889 3
889 4
889 5
889 6
889 7
889 8
889 9
889 10
889 11
889 12
889 13
889 14
889 15
889 16
889 17
889 18
889 19
889 20
889 22
890 1
890 2
890 3
890 4
890 5
890 6
890 7
890 8
890 9
890 10
890 11
890 12
890 13
890 14
890 15
890 16
890 17
890 18
890 19
890 21
891 1
891 2
891 3
891 4
891 5
891 6
891 7
891 8
891 9
891 10
891 11
891 12
891 13
891 14
891 15
891 16
891 17
891 19
891 20
891 21
892 1
892 2
892 3
892 4
892 5
892 6
892 7
892 8
892 9
892 10
892 11
892 12
892 13
892 14
892 15
892 16
892 17
892 18
892 19
892 21
893 1
893 2
893 3
893 4
893 5
893 6
893 7
893 8
893 9
893 10
893 11
893 12
893 13
893 14
893 15
893 16
893 17
893 18
894 1
894 2
894 3
894 4
894 5
894 6
894 7
894 8
894 9
894 10
894 11
894 12
894 13
894 14
894 15
894 16
894 17
894 18
894 19
895 1
895 2
895 3
895 4
895 5
895 6
895 7
895 8
895 9
895 10
895 11
895 12
895 13
895 14
895 15
895 16
895 17
895 18
895 19
896 1
896 2
896 3
896 4
896 5
896 6
896 7
896 8
896 9
896 10
896 11
896 12
896 13
896 14
896 15
896 16
896 17
896 18
896 19
897 1
897 2
897 3
897 4
897 5
897 6
897 7
897 8
897 9
897 10
897 11
897 12
897 13
897 14
897 15
897 16
897 17
897 18
897 19
897 20
898 1
898 2
898 3
898 4
898 5
898 6
898 7
898 8
898 9
898 10
898 11
898 12
898 13
898 14
898 15
898 16
898 17
898 18
898 19
898 20
899 1
899 2
899 3
899 4
899 5
899 6
899 7
899 8
899 9
899 10
899 11
899 12
899 13
899 14
899 15
899 16
899 17
899 18
899 19
899 20
899 21
900 1
900 2
900 3
900 4
900 5
900 6
900 7
900 8
900 9
900 10
900 11
900 12
900 13
900 14
900 15
900 16
900 17
900 19
901 1
901 2
901 3
901 4
901 5
901 6
901 7
901 8
901 9
901 10
901 11
901 12
901 13
901 14
901 15
901 16
901 17
901 18
901 19
901 20
901 21
902 1
902 2
902 3
902 4
902 5
902 6
902 7
902 8
902 9
902 10
902 11
902 12
902 13
902 14
902 15
902 16
902 17
902 18
902 19
903 1
903 2
903 3
903 4
903 5
903 6
903 7
903 8
903 9
903 10
903 11
903 12
903 13
903 14
903 15
903 16
903 17
903 18
903 19
903 20
903 22
904 1
904 2
904 3
904 4
904 5
904 6
904 7
904 8
904 9
904 10
904 11
904 12
904 13
904 14
904 15
904 16
904 17
904 18
904 19
905 1
905 2
905 3
905 4
905 5
905 6
905 7
905 8
905 9
905 10
905 11
905 12
905 13
905 14
905 15
905 16
905 17
905 18
905 19
905 21
906 1
906 2
906 3
906 4
906 5
906 6
906 7
906 8
906 9
906 10
906 11
906 12
906 13
906 14
906 15
906 16
906 17
906 18
906 19
906 20
907 1
907 2
907 3
907 4
907 5
907 6
907 7
907 8
907 9
907 10
907 11
907 12
907 13
907 14
907 15
907 16
907 17
907 18
907 19
907 20
907 21
907 22
908 1
908 2
908 3
908 4
908 5
908 6
908 7
908 8
908 9
908 10
908 11
908 12
908 13
908 14
908 15
908 16
908 17
908 18
908 19
908 20
908 21
909 1
909 2
909 3
909 4
909 5
909 6
909 7
909 8
909 9
909 10
909 11
909 12
909 13
909 14
909 15
909 16
909 17
909 18
909 19
909 20
909 21
909 22
910 1
910 2
910 3
910 4
910 5
910 6
910 7
910 8
910 9
910 10
910 11
910 12
910 13
910 14
910 15
910 16
910 17
910 18
910 19
911 1
911 2
911 3
911 4
911 5
911 6
911 7
911 8
911 9
911 10
911 11
911 12
911 13
911 14
911 15
911 16
911 17
911 18
911 19
911 20
911 21
911 22
912 1
912 2
912 3
912 4
912 5
912 6
912 7
912 8
912 9
912 10
912 11
912 12
912 13
912 14
912 15
912 16
912 17
912 18
913 1
913 2
913 3
913 4
913 5
913 6
913 7
913 8
913 9
913 10
913 11
913 12
913 13
913 14
913 15
913 16
913 17
913 18
913 19
913 20
914 1
914 2
914 3
914 4
914 5
914 6
914 7
914 8
914 9
914 10
914 11
914 12
914 13
914 14
914 15
914 16
914 17
914 18
914 19
915 1
915 2
915 3
915 4
915 5
915 6
915 7
915 8
915 9
915 10
915 11
915 12
915 13
915 14
915 15
915 16
915 17
915 18
915 19
916 1
916 2
916 3
916 4
916 5
916 6
916 7
916 8
916 9
916 10
916 11
916 12
916 13
916 14
916 15
916 16
916 17
916 18
916 19
916 20
917 1
917 2
917 3
917 4
917 5
917 6
917 7
917 8
917 9
917 10
917 11
917 12
917 13
917 14
917 15
917 16
917 17
917 18
917 19
917 20
918 1
918 2
918 3
918 4
918 5
918 6
918 7
918 8
918 9
918 10
918 11
918 12
918 13
918 14
918 15
918 16
918 17
918 18
918 19
918 20
919 1
919 2
919 3
919 4
919 5
919 6
919 7
919 8
919 9
919 10
919 11
919 12
919 13
919 14
919 15
919 16
919 17
919 18
919 19
919 20
919 21
920 1
920 2
920 3
920 4
920 5
920 6
920 7
920 8
920 9
920 10
920 11
920 12
920 13
920 14
920 15
920 16
920 17
920 18
920 19
920 21
921 1
921 2
921 3
921 4
921 5
921 6
921 7
921 8
921 9
921 10
921 11
921 12
921 13
921 14
921 15
921 16
921 17
921 18
921 19
921 20
922 1
922 2
922 3
922 4
922 5
922 6
922 7
922 8
922 9
922 10
922 11
922 12
922 13
922 14
922 15
922 16
922 17
922 18
922 19
922 20
922 21
922 22
923 1
923 2
923 3
923 4
923 5
923 6
923 7
923 8
923 9
923 10
923 11
923 12
923 13
923 14
923 15
923 16
923 17
923 18
923 19
923 20
923 21
924 1
924 2
924 3
924 4
924 5
924 6
924 7
924 8
924 9
924 10
924 11
924 12
924 13
924 14
924 15
924 16
924 17
924 18
924 19
925 1
925 2
925 3
925 4
925 5
925 6
925 7
925 8
925 9
925 10
925 11
925 12
925 13
925 14
925 15
925 16
925 17
925 18
925 19
925 20
925 21
925 22
926 1
926 2
926 3
926 4
926 5
926 6
926 7
926 8
926 9
926 10
926 11
926 12
926 13
926 14
926 15
926 16
926 17
926 18
926 19
926 20
926 21
926 22
927 1
927 2
927 3
927 4
927 5
927 6
927 7
927 8
927 9
927 10
927 11
927 12
927 13
927 14
927 15
927 16
927 17
927 18
927 19
927 20
927 21
927 22
928 1
928 2
928 3
928 4
928 5
928 6
928 7
928 8
928 9
928 10
928 11
928 12
928 13
928 14
928 15
928 16
928 17
928 18
928 19
928 21
928 22
929 1
929 2
929 3
929 4
929 5
929 6
929 7
929 8
929 9
929 10
929 11
929 12
929 13
929 14
929 15
929 16
929 17
929 18
929 19
929 20
929 21
929 22
930 1
930 2
930 3
930 4
930 5
930 6
930 7
930 8
930 9
930 10
930 11
930 12
930 13
930 14
930 15
930 16
930 17
930 18
930 19
930 22
931 1
931 2
931 3
931 4
931 5
931 6
931 7
931 8
931 9
931 10
931 11
931 12
931 13
931 14
931 15
931 16
931 17
931 18
931 20
931 21
931 22
932 1
932 2
932 3
932 4
932 5
932 6
932 7
932 8
932 9
932 10
932 11
932 12
932 13
932 14
932 15
932 16
932 17
932 18
932 19
932 20
933 1
933 2
933 3
933 4
933 5
933 6
933 7
933 8
933 9
933 10
933 11
933 12
933 13
933 14
933 15
933 16
933 17
933 18
933 19
933 20
934 1
934 2
934 3
934 4
934 5
934 6
934 7
934 8
934 9
934 10
934 11
934 12
934 13
934 14
934 15
934 16
934 17
934 18
934 19
934 20
934 21
935 1
935 2
935 3
935 4
935 5
935 6
935 7
935 8
935 9
935 10
935 11
935 12
935 13
935 14
935 15
935 16
935 17
935 18
935 19
935 20
935 21
936 1
936 2
936 3
936 4
936 5
936 6
936 7
936 8
936 9
936 10
936 11
936 12
936 13
936 14
936 15
936 16
936 17
936 18
936 19
936 20
937 1
937 2
937 3
937 4
937 5
937 6
937 7
937 8
937 9
937 10
937 11
937 12
937 13
937 14
937 15
937 16
937 17
937 18
937 19
937 20
937 21
938 1
938 2
938 3
938 4
938 5
938 6
938 7
938 8
938 9
938 10
938 11
938 12
938 13
938 14
938 15
938 16
938 17
938 18
938 19
938 20
939 1
939 2
939 3
939 4
939 5
939 6
939 7
939 8
939 9
939 10
939 11
939 12
939 13
939 14
939 15
939 16
939 17
939 18
939 19
939 20
939 21
940 1
940 2
940 3
940 4
940 5
940 6
940 7
940 8
940 9
940 10
940 11
940 12
940 13
940 14
940 15
940 16
940 17
940 18
940 19
940 21
940 22
941 1
941 2
941 3
941 4
941 5
941 6
941 7
941 8
941 9
941 10
941 11
941 12
941 13
941 14
941 15
941 16
941 17
941 18
941 19
941 20
941 21
941 22
942 1
942 2
942 3
942 4
942 5
942 6
942 7
942 8
942 9
942 10
942 11
942 12
942 13
942 14
942 15
942 16
942 17
942 18
942 19
942 20
942 21
942 22
943 1
943 2
943 3
943 4
943 5
943 6
943 7
943 8
943 9
943 10
943 11
943 12
943 13
943 14
943 15
943 16
943 17
943 18
943 19
943 20
943 21
943 22
944 1
944 2
944 3
944 4
944 5
944 6
944 7
944 8
944 9
944 10
944 11
944 12
944 13
944 14
944 15
944 16
944 17
944 18
944 19
944 21
944 22
945 1
945 2
945 3
945 4
945 5
945 6
945 7
945 8
945 9
945 10
945 11
945 12
945 13
945 14
945 15
945 16
945 17
945 18
945 19
945 20
945 22
946 1
946 2
946 3
946 4
946 5
946 6
946 7
946 8
946 9
946 10
946 11
946 12
946 13
946 14
946 15
946 16
946 17
946 18
946 19
946 20
946 21
946 23
947 1
947 2
947 3
947 4
947 5
947 6
947 7
947 8
947 9
947 10
947 11
947 12
947 13
947 14
947 15
947 16
947 17
947 18
947 19
947 20
947 21
947 22
948 1
948 2
948 3
948 4
948 5
948 6
948 7
948 8
948 9
948 10
948 11
948 12
948 13
948 14
948 15
948 16
948 17
948 18
948 19
948 20
948 21
948 22
949 1
949 2
949 3
949 4
949 5
949 6
949 7
949 8
949 9
949 10
949 11
949 12
949 13
949 14
949 15
949 16
949 17
949 18
949 19
949 20
949 21
949 22
949 23
950 1
950 2
950 3
950 4
950 5
950 6
950 7
950 8
950 9
950 10
950 11
950 12
950 13
950 14
950 15
950 16
950 17
950 18
950 21
950 22
951 1
951 2
951 3
951 4
951 5
951 6
951 7
951 8
951 9
951 10
951 11
951 12
951 13
951 14
951 15
951 16
951 17
951 18
951 19
951 20
952 1
952 2
952 3
952 4
952 5
952 6
952 7
952 8
952 9
952 10
952 11
952 12
952 13
952 14
952 15
952 16
952 17
952 18
952 19
952 20
953 1
953 2
953 3
953 4
953 5
953 6
953 7
953 8
953 9
953 10
953 11
953 12
953 13
953 14
953 15
953 16
953 17
953 18
953 19
953 20
954 1
954 2
954 3
954 4
954 5
954 6
954 7
954 8
954 9
954 10
954 11
954 12
954 13
954 14
954 15
954 16
954 17
954 18
954 19
954 20
954 21
955 1
955 2
955 3
955 4
955 5
955 6
955 7
955 8
955 9
955 10
955 11
955 12
955 13
955 14
955 15
955 16
955 17
955 18
955 19
955 20
955 21
956 1
956 2
956 3
956 4
956 5
956 6
956 7
956 8
956 9
956 10
956 11
956 12
956 13
956 14
956 15
956 16
956 17
956 18
956 19
956 20
956 21
957 1
957 2
957 3
957 4
957 5
957 6
957 7
957 8
957 9
957 10
957 11
957 12
957 13
957 14
957 15
957 16
957 17
957 18
957 19
957 20
958 1
958 2
958 3
958 4
958 5
958 6
958 7
958 8
958 9
958 10
958 11
958 12
958 13
958 14
958 15
958 16
958 17
958 18
958 19
958 20
958 21
959 1
959 2
959 3
959 4
959 5
959 6
959 7
959 8
959 9
959 10
959 11
959 12
959 13
959 14
959 15
959 16
959 17
959 18
959 19
959 20
960 1
960 2
960 3
960 4
960 5
960 6
960 7
960 8
960 9
960 10
960 11
960 12
960 13
960 14
960 15
960 16
960 17
960 18
960 19
960 21
960 22
961 1
961 2
961 3
961 4
961 5
961 6
961 7
961 8
961 9
961 10
961 11
961 12
961 13
961 14
961 15
961 16
961 17
961 18
961 19
961 20
961 21
961 22
962 1
962 2
962 3
962 4
962 5
962 6
962 7
962 8
962 9
962 10
962 11
962 12
962 13
962 14
962 15
962 16
962 17
962 18
962 19
962 20
962 21
962 22
963 1
963 2
963 3
963 4
963 5
963 6
963 7
963 8
963 9
963 10
963 11
963 12
963 13
963 14
963 15
963 16
963 17
963 18
963 19
963 20
963 21
963 22
964 1
964 2
964 3
964 4
964 5
964 6
964 7
964 8
964 9
964 10
964 11
964 12
964 13
964 14
964 15
964 16
964 17
964 18
964 19
964 20
964 21
964 22
965 1
965 2
965 3
965 4
965 5
965 6
965 7
965 8
965 9
965 10
965 11
965 12
965 13
965 14
965 15
965 16
965 17
965 18
965 19
965 20
965 21
965 22
966 1
966 2
966 3
966 4
966 5
966 6
966 7
966 8
966 9
966 10
966 11
966 12
966 13
966 14
966 15
966 16
966 17
966 18
966 19
966 20
966 22
967 1
967 2
967 3
967 4
967 5
967 6
967 7
967 8
967 9
967 10
967 11
967 12
967 13
967 14
967 15
967 16
967 17
967 18
967 19
967 20
967 21
967 22
968 1
968 2
968 3
968 4
968 5
968 6
968 7
968 8
968 9
968 10
968 11
968 12
968 13
968 14
968 15
968 16
968 17
968 18
968 19
968 20
968 21
968 23
969 1
969 2
969 3
969 4
969 5
969 6
969 7
969 8
969 9
969 10
969 11
969 12
969 13
969 14
969 15
969 16
969 17
969 18
969 19
969 20
969 21
969 22
970 1
970 2
970 3
970 4
970 5
970 6
970 7
970 8
970 9
970 10
970 11
970 12
970 13
970 14
970 15
970 16
970 17
970 18
970 19
970 21
970 22
971 1
971 2
971 3
971 4
971 5
971 6
971 7
971 8
971 9
971 10
971 11
971 12
971 13
971 14
971 15
971 16
971 17
971 18
971 19
971 20
972 1
972 2
972 3
972 4
972 5
972 6
972 7
972 8
972 9
972 10
972 11
972 12
972 13
972 14
972 15
972 16
972 17
972 18
972 19
972 20
973 1
973 2
973 3
973 4
973 5
973 6
973 7
973 8
973 9
973 10
973 11
973 12
973 13
973 14
973 15
973 16
973 17
973 18
973 19
973 20
973 21
974 1
974 2
974 3
974 4
974 5
974 6
974 7
974 8
974 9
974 10
974 11
974 12
974 13
974 14
974 15
974 16
974 17
974 18
974 19
974 20
974 21
975 1
975 2
975 3
975 4
975 5
975 6
975 7
975 8
975 9
975 10
975 11
975 12
975 13
975 14
975 15
975 16
975 17
975 18
975 19
975 20
975 21
976 1
976 2
976 3
976 4
976 5
976 6
976 7
976 8
976 9
976 10
976 11
976 12
976 13
976 14
976 15
976 16
976 17
976 18
976 19
976 20
976 21
977 1
977 2
977 3
977 4
977 5
977 6
977 7
977 8
977 9
977 10
977 11
977 12
977 13
977 14
977 15
977 16
977 17
977 18
977 19
977 20
977 21
978 1
978 2
978 3
978 4
978 5
978 6
978 7
978 8
978 9
978 10
978 11
978 12
978 13
978 14
978 15
978 16
978 17
978 18
978 19
978 20
978 21
979 1
979 2
979 3
979 4
979 5
979 6
979 7
979 8
979 9
979 10
979 11
979 12
979 13
979 14
979 15
979 16
979 17
979 18
979 19
979 20
979 21
980 1
980 2
980 3
980 4
980 5
980 6
980 7
980 8
980 9
980 10
980 11
980 12
980 13
980 14
980 15
980 16
980 17
980 18
980 19
980 21
980 22
981 1
981 2
981 3
981 4
981 5
981 6
981 7
981 8
981 9
981 10
981 11
981 12
981 13
981 14
981 15
981 16
981 17
981 18
981 19
981 20
981 21
981 22
982 1
982 2
982 3
982 4
982 5
982 6
982 7
982 8
982 9
982 10
982 11
982 12
982 13
982 14
982 15
982 16
982 17
982 18
982 19
982 20
982 21
982 22
983 1
983 2
983 3
983 4
983 5
983 6
983 7
983 8
983 9
983 10
983 11
983 12
983 13
983 14
983 15
983 16
983 17
983 18
983 19
983 20
983 21
983 22
984 1
984 2
984 3
984 4
984 5
984 6
984 7
984 8
984 9
984 10
984 11
984 12
984 13
984 14
984 15
984 16
984 17
984 18
984 19
984 20
984 21
984 22
985 1
985 2
985 3
985 4
985 5
985 6
985 7
985 8
985 9
985 10
985 11
985 12
985 13
985 14
985 15
985 16
985 17
985 18
985 19
985 20
985 21
985 22
985 23
986 1
986 2
986 3
986 4
986 5
986 6
986 7
986 8
986 9
986 10
986 11
986 12
986 13
986 14
986 15
986 16
986 17
986 18
986 19
986 20
986 21
986 22
987 1
987 2
987 3
987 4
987 5
987 6
987 7
987 8
987 9
987 10
987 11
987 12
987 13
987 14
987 15
987 16
987 17
987 18
987 19
987 20
987 22
988 1
988 2
988 3
988 4
988 5
988 6
988 7
988 8
988 9
988 10
988 11
988 12
988 13
988 14
988 15
988 16
988 17
988 18
988 19
988 20
988 21
988 22
988 23
989 1
989 2
989 3
989 4
989 5
989 6
989 7
989 8
989 9
989 10
989 11
989 12
989 13
989 14
989 15
989 16
989 17
989 18
989 19
989 20
989 21
989 22
990 1
990 2
990 3
990 4
990 5
990 6
990 7
990 8
990 9
990 10
990 11
990 12
990 13
990 14
990 15
990 16
990 17
990 18
990 19
991 1
991 2
991 3
991 4
991 5
991 6
991 7
991 8
991 9
991 10
991 11
991 12
991 13
991 14
991 15
991 16
991 17
991 18
991 19
991 20
991 21
992 1
992 2
992 3
992 4
992 5
992 6
992 7
992 8
992 9
992 10
992 11
992 12
992 13
992 14
992 15
992 16
992 17
992 18
992 19
992 20
993 1
993 2
993 3
993 4
993 5
993 6
993 7
993 8
993 9
993 10
993 11
993 12
993 13
993 14
993 15
993 16
993 17
993 18
993 19
993 20
994 1
994 2
994 3
994 4
994 5
994 6
994 7
994 8
994 9
994 10
994 11
994 12
994 13
994 14
994 15
994 16
994 17
994 18
994 19
994 20
994 21
995 1
995 2
995 3
995 4
995 5
995 6
995 7
995 8
995 9
995 10
995 11
995 12
995 13
995 14
995 15
995 16
995 17
995 18
995 19
995 20
995 21
996 1
996 2
996 3
996 4
996 5
996 6
996 7
996 8
996 9
996 10
996 11
996 12
996 13
996 14
996 15
996 16
996 17
996 18
996 19
996 20
996 21
996 22
997 1
997 2
997 3
997 4
997 5
997 6
997 7
997 8
997 9
997 10
997 11
997 12
997 13
997 14
997 15
997 16
997 17
997 18
997 19
997 20
997 21
997 22
998 1
998 2
998 3
998 4
998 5
998 6
998 7
998 8
998 9
998 10
998 11
998 12
998 13
998 14
998 15
998 16
998 17
998 18
998 19
998 20
998 21
998 22
999 1
999 2
999 3
999 4
999 5
999 6
999 7
999 8
999 9
999 10
999 11
999 12
999 13
999 14
999 15
999 16
999 17
999 18
999 19
999 20
999 21
1000 1
1000 2
1000 3
1000 4
1000 5
1000 6
1000 7
1000 8
1000 9
1000 10
1000 11
1000 12
1000 13
1000 14
1000 15
1000 16
1000 17
1000 18
1000 19
1000 21
1000 22
1000 23
