69 1 60
59116022 108407
94778844 -122980783
41883194 19636800
-187451713 6187507
-20192750 220459924
-20310470 -194332991
60290065 186874427
117664759 -156393226
5968406 70428711
85377868 168601959
-121623776 -10805246
-142624509 79757169
35682197 -40150966
143098357 -84077220
201596816 128462146
-157244831 106727548
-207800706 77596656
-158394208 153014055
146925971 229224681
-33112797 138698495
9470975 -121909480
-48115050 166102504
78768755 -209588386
205635100 166473069
-143258345 -144072863
-178167699 54148436
27045355 -41877090
-33364336 -56141751
104659415 178881181
14417280 -38217652
198503697 -133472153
117140729 -144714593
194940700 111467187
-182128639 41262916
-102112131 25809816
104715401 -217985691
-185973275 62472354
-222913212 -196046340
-119258666 62073018
-181240886 -212097061
-130203503 194051439
63475204 -181891955
36329831 120016701
198739959 229630271
-84169658 118922013
183801501 104604967
-108245367 -88732649
-63296000 -97523767
226037830 33033857
16273706 -53907197
191618013 142811693
-112645532 -168904335
40771504 109201655
105463865 -63585720
-222623604 -39282126
-63723095 108120757
98274467 -225677966
77017569 -179452728
-31945647 44388826
138118336 82702242
-44624252 -225074612
46305138 118372536
115211169 49649157
-172958135 -206167217
-169860183 1895757
-53475113 -219373078
116896045 -81096892
45029134 73540047
61699940 176644498
97485846 76549830
10 42
46 63
17 69
48 69
35 52
2 54
14 36
18 19
3 69
17 35
10 60
46 54
8 42
42 57
49 51
29 33
11 52
35 37
25 55
30 69
7 46
26 55
60 63
52 61
6 52
9 12
31 57
56 69
25 61
2 49
43 48
17 59
25 52
21 68
42 54
8 14
2 32
19 22
14 32
17 20
14 31
48 57
39 59
10 13
28 30
19 41
30 50
6 48
11 65
2 8
6 61
8 32
10 46
28 43
31 49
55 65
24 51
15 51
38 61
21 48
