24 24 24 24 24 24 24 24 24 24 24 24 24 24 
24 12 24 36 24 24 24 24 24 24 24 24 24 24 
18 12 24 36 30 24 24 24 24 24 24 24 24 24 
18 9 24 39 30 27 24 24 24 24 24 24 24 21 
15 9 24 39 33 27 26 24 24 24 24 24 22 21 
15 8 24 40 33 30 26 25 24 24 24 23 22 18 
13 8 24 40 35 30 27 25 25 24 23 23 21 18 
13 7 24 41 35 31 27 26 25 24 23 22 21 17 
12 7 24 41 36 31 29 26 25 24 23 22 19 17 
12 6 24 42 36 32 29 27 25 24 23 21 19 16 
11 6 24 42 37 32 29 27 26 24 22 21 19 16 
11 6 24 42 37 33 29 28 26 24 22 20 19 15 
11 6 24 42 37 33 31 28 26 24 22 20 17 15 
11 6 24 42 37 34 31 29 26 24 22 19 17 14 
10 6 24 42 38 34 31 29 27 24 21 19 17 14 
10 5 24 43 38 34 31 29 27 24 21 19 17 14 
9 5 24 43 39 34 31 29 27 24 21 19 17 14 
9 5 24 43 39 35 31 29 27 24 21 19 17 13 
9 5 24 43 39 35 32 29 27 24 21 19 16 13 
9 5 24 43 39 36 32 29 27 24 21 19 16 12 
8 5 24 43 40 36 32 29 27 24 21 19 16 12 
8 4 24 44 40 36 32 29 27 24 21 19 16 12 
8 4 24 44 40 36 32 29 27 24 21 19 16 12 
8 4 24 44 40 36 32 29 27 24 21 19 16 12 
8 4 24 44 40 36 32 29 27 24 21 19 16 12 
8 4 24 44 40 36 32 29 27 24 21 19 16 12 
8 4 24 44 40 36 32 29 27 24 21 19 16 12 
8 4 24 44 40 36 32 29 27 24 21 19 16 12 
