11768697
11742396
11716095
11689822
11663583
11637344
11611105
11584953
11558831
11532781
11506755
11480729
11454711
11428717
11402799
11376885
11350971
11325144
11299374
11273661
11247959
11222257
11196570
11170883
11145352
11119859
11094552
11069245
11044020
11018795
10993655
10968581
10943507
10918433
10893411
10868405
10843399
10818393
10793476
10768656
10743836
10719049
10694351
10669653
10644955
10620257
10595559
10570929
10546299
10521761
10497223
10472685
10448147
10423679
10399211
10374911
10350611
10326311
10302020
10277856
10253692
10229556
10205420
10181328
10157236
10133229
10109222
10085215
10061208
10037248
10013400
9989552
9965704
9941856
9918069
9894282
9870495
9846708
9822921
9799211
9775541
9751871
9728316
9704770
9681224
9657678
9634132
9610598
9587064
9563563
9540062
9516599
9493203
9469807
9446508
9423209
9399948
9376709
9353470
9330231
9306992
9283785
9260608
9237589
9214570
9191551
9168532
9145687
9122900
9100125
9077398
9054671
9031944
9009217
8986490
8963763
8941036
8918315
8895594
8872875
8850156
8827437
8804961
8782659
8760357
8738055
8715753
8693508
8671315
8649209
8627163
8605148
8583180
8561212
8539244
8517295
8495346
8473445
8451599
8429753
8407907
8386063
8364219
8342375
8320550
8298877
8277206
8255535
8233864
8212258
8190689
8169178
8147713
8126336
8104959
8083582
8062256
8040930
8019760
7998626
7977492
7956358
7935224
7914090
7893026
7871962
7850976
7829990
7809004
7788018
7767032
7746046
7725060
7704105
7683224
7662414
7641604
7620794
7599984
7579174
7558364
7537554
7516744
7496041
7475338
7454635
7433949
7413263
7392577
7371891
7351205
7330536
7309887
7289238
7268589
7247940
7227337
7206734
7186182
7165630
7145102
7124574
7104093
7083637
7063181
7042834
7022487
7002145
6981803
6961605
6941481
6921448
6901468
6881488
6861508
6841528
6821548
6801568
6781588
6761608
6741635
6721740
6701845
6681950
6662115
6642365
6622735
6603190
6583652
6564114
6544612
6525125
6505711
6486297
6466883
6447469
6428055
6408712
6389463
6370214
6350980
6331754
6312528
6293356
6274184
6255012
6235840
6216668
6197496
6178324
6159158
6140016
6120874
6101732
6082653
6063615
6044577
6025539
6006501
5987463
5968425
5949419
5930455
5911491
5892527
5873563
5854599
5835635
5816737
5797917
5779097
5760277
5741457
5722637
5703897
5685199
5666501
5647831
5629161
5610548
5592031
5573514
5555053
5536592
5518131
5499670
5481209
5462748
5444287
5425826
5407375
5388930
5370485
5352040
5333595
5315150
5296763
5278439
5260122
5241806
5223490
5205174
5186877
5168580
5150476
5132372
5114268
5096164
5078060
5059977
5041941
5023979
5006017
4988187
4970357
4952527
4934800
4917073
4899346
4881667
4863988
4846359
4828730
4811101
4793472
4775843
4758214
4740745
4723368
4705992
4688616
4671240
4653864
4636540
4619216
4601919
4584622
4567325
4550036
4532747
4515489
4498476
4481463
4464544
4447681
4430818
4413955
4397130
4380369
4363621
4346957
4330420
4313883
4297386
4280924
4264462
4248000
4231599
4215198
4198797
4182433
4166099
4149852
4133605
4117358
4101111
4084864
4068617
4052507
4036493
4020479
4004465
3988536
3972752
3956994
3941281
3925653
3910025
3894464
3878903
3863358
3847813
3832271
3816729
3801214
3785699
3770187
3754675
3739254
3723901
3708634
3693518
3678402
3663286
3648170
3633062
3617954
3602914
3587874
3572834
3557794
3542781
3527768
3512770
3497875
3482980
3468095
3453257
3438419
3423581
3408765
3393951
3379137
3364432
3349752
3335097
3320472
3305847
3291304
3276823
3262342
3247861
3233521
3219181
3204841
3190501
3176310
3162177
3148049
3133977
3119905
3105833
3091871
3077909
3063983
3050057
3036131
3022205
3008366
2994527
2980688
2966910
2953220
2939610
2926000
2912430
2898860
2885343
2871826
2858374
2844922
2831495
2818133
2804771
2791425
2778079
2764733
2751387
2738108
2724976
2711918
2698860
2685802
2672771
2659740
2646709
2633678
2620762
2607943
2595214
2582586
2569958
2557412
2544894
2532463
2520032
2507601
2495251
2482961
2470815
2458669
2446523
2434407
2422291
2410299
2398307
2386315
2374402
2362520
2350638
2338780
2326922
2315064
2303279
2291494
2279741
2267988
2256235
2244482
2232928
2221387
2209950
2198612
2187276
2175940
2164646
2153352
2142201
2131050
2120040
2109030
2098082
2087195
2076308
2065489
2054680
2043880
2033080
2022280
2011480
2000680
1989880
1979225
1968570
1957915
1947373
1936893
1926474
1916180
1905886
1895592
1885298
1875024
1864772
1854520
1844341
1834162
1824213
1814274
1804335
1794396
1784570
1774794
1765034
1755355
1745760
1736165
1726668
1717238
1707823
1698454
1689172
1679890
1670700
1661616
1652569
1643522
1634559
1625596
1616676
1607853
1599116
1590406
1581718
1573030
1564342
1555721
1547212
1538703
1530220
1521737
1513254
1504788
1496322
1487856
1479434
1471012
1462785
1454616
1446447
1438278
1430265
1422345
1414425
1406505
1398617
1390729
1382882
1375035
1367188
1359341
1351624
1343907
1336224
1328541
1320858
1313175
1305492
1297809
1290126
1282443
1274813
1267273
1259770
1252328
1244886
1237444
1230002
1222774
1215696
1208618
1201634
1194728
1187822
1181008
1174245
1167482
1160809
1154136
1147559
1141034
1134509
1128271
1122055
1115848
1109641
1103434
1097227
1091020
1084892
1078764
1072636
1066607
1060578
1054691
1048863
1043035
1037207
1031379
1025551
1019738
1013925
1008164
1002403
996642
991042
985530
980018
974506
969074
963680
958286
952892
947498
942104
936710
931316
925922
920609
915296
909983
904670
899357
894105
888881
883657
878433
873226
868108
862990
857872
852805
847738
842779
837820
832938
828064
823190
818454
813778
809102
804436
799770
795138
790548
786010
781472
776934
772396
767858
763320
758782
754244
749706
745168
740630
736092
731554
727016
722478
717940
713443
709023
704603
700183
695844
691505
687166
682850
678549
674248
669947
665646
661345
657055
652765
648475
644258
640041
635824
631607
627390
623173
618956
614832
610708
606627
602549
598584
594619
590722
586825
582928
579031
575134
571322
567592
563928
560264
556600
553034
549468
545902
542451
539000
535612
532224
528836
525448
522060
518672
515288
511904
508616
505386
502231
499076
