999893418 783298482
OPEN 650007071 153900041 154852315 190248514
OPEN 390406485 485619851 222798457 86090489
OPEN 199270841 291887538 294862475 122172064
RESIZE 811644172 284044736 82239146 172177095
MOVE 79872506 169769748 0 401907404
MOVE 459858016 538221010 0 401907404
CLOSE 446946407 232301099
MOVE 816251474 460322800 0 401907404
CLOSE 846638845 334656768
MOVE 509172212 123639134 0 401907404
MOVE 283424307 109439726 0 401907404
CLOSE 464184921 218859996
OPEN 185761530 23885114 264801383 122272515
MOVE 874698917 252867341 0 401907404
OPEN 852397257 21848481 189050263 30055930
RESIZE 432015538 393077831 400376146 320306087
RESIZE 342326993 388679539 466928871 99688532
CLOSE 299931392 38295633
RESIZE 616932192 727014241 445425527 246263588
MOVE 450389121 102554597 0 401907404
MOVE 276632315 340150157 0 401907404
