5
12 
1 2 3 4 5 6 7 8 9 10 11 13 14 15 16 17 18 19 20 

10
12 18 
1 2 3 4 5 6 7 8 9 10 11 13 14 15 16 17 19 20 

15
12 18 20 
1 2 3 4 5 6 7 8 9 10 11 13 14 15 16 17 19 

19
12 16 18 20 
1 2 3 4 5 6 7 8 9 10 11 13 14 15 17 19 

22
12 14 16 18 20 
1 2 3 4 5 6 7 8 9 10 11 13 15 17 19 

25
12 14 15 16 18 20 
1 2 3 4 5 6 7 8 9 10 11 13 17 19 

27
8 12 14 15 16 18 20 
1 2 3 4 5 6 7 9 10 11 13 17 19 

29
8 10 12 14 15 16 18 20 
1 2 3 4 5 6 7 9 11 13 17 19 

30
6 8 10 12 14 15 16 18 20 
1 2 3 4 5 7 9 11 13 17 19 

31
6 8 9 10 12 14 15 16 18 20 
1 2 3 4 5 7 11 13 17 19 

32
6 8 9 10 11 12 14 15 16 18 20 
1 2 3 4 5 7 13 17 19 

33
6 8 9 10 11 12 13 14 15 16 18 20 
1 2 3 4 5 7 17 19 

34
6 8 9 10 11 12 13 14 15 16 17 18 20 
1 2 3 4 5 7 19 

35
6 8 9 10 11 12 13 14 15 16 17 18 19 20 
1 2 3 4 5 7 

35
6 7 8 9 10 11 12 13 14 15 16 17 18 19 20 
1 2 3 4 5 

33
4 6 7 8 9 10 11 12 13 14 15 16 17 18 19 20 
1 2 3 5 

31
4 5 6 7 8 9 10 11 12 13 14 15 16 17 18 19 20 
1 2 3 

27
3 4 5 6 7 8 9 10 11 12 13 14 15 16 17 18 19 20 
1 2 

19
2 3 4 5 6 7 8 9 10 11 12 13 14 15 16 17 18 19 20 
1 

0



