3090
1 1
2 3
3 2
4 6
5 8
6 4
7 11
8 5
9 14
10 16
11 7
12 19
13 21
14 9
15 24
16 10
17 27
18 29
19 12
20 32
21 13
22 35
23 37
24 15
25 40
26 42
27 17
28 45
29 18
30 48
31 50
32 20
33 53
34 55
35 22
36 58
37 23
38 61
39 63
40 25
41 66
42 26
43 69
44 71
45 28
46 74
47 76
48 30
49 79
50 31
51 82
52 84
53 33
54 87
55 34
56 90
57 92
58 36
59 95
60 97
61 38
62 100
63 39
64 103
65 105
66 41
67 108
68 110
69 43
70 113
71 44
72 116
73 118
74 46
75 121
76 47
77 124
78 126
79 49
80 129
81 131
82 51
83 134
84 52
85 137
86 139
87 54
88 142
89 144
90 56
91 147
92 57
93 150
94 152
95 59
96 155
97 60
98 158
99 160
100 62
101 163
102 165
103 64
104 168
105 65
106 171
107 173
108 67
109 176
110 68
111 179
112 181
113 70
114 184
115 186
116 72
117 189
118 73
119 192
120 194
121 75
122 197
123 199
124 77
125 202
126 78
127 205
128 207
129 80
130 210
131 81
132 213
133 215
134 83
135 218
136 220
137 85
138 223
139 86
140 226
141 228
142 88
143 231
144 89
145 234
146 236
147 91
148 239
149 241
150 93
151 244
152 94
153 247
154 249
155 96
156 252
157 254
158 98
159 257
160 99
161 260
162 262
163 101
164 265
165 102
166 268
167 270
168 104
169 273
170 275
171 106
172 278
173 107
174 281
175 283
176 109
177 286
178 288
179 111
180 291
181 112
182 294
183 296
184 114
185 299
186 115
187 302
188 304
189 117
190 307
191 309
192 119
193 312
194 120
195 315
196 317
197 122
198 320
199 123
200 323
201 325
202 125
203 328
204 330
205 127
206 333
207 128
208 336
209 338
210 130
211 341
212 343
213 132
214 346
215 133
216 349
217 351
218 135
219 354
220 136
221 357
222 359
223 138
224 362
225 364
226 140
227 367
228 141
229 370
230 372
231 143
232 375
233 377
234 145
235 380
236 146
237 383
238 385
239 148
240 388
241 149
242 391
243 393
244 151
245 396
246 398
247 153
248 401
249 154
250 404
251 406
252 156
253 409
254 157
255 412
256 414
257 159
258 417
259 419
260 161
261 422
262 162
263 425
264 427
265 164
266 430
267 432
268 166
269 435
270 167
271 438
272 440
273 169
274 443
275 170
276 446
277 448
278 172
279 451
280 453
281 174
282 456
283 175
284 459
285 461
286 177
287 464
288 178
289 467
290 469
291 180
292 472
293 474
294 182
295 477
296 183
297 480
298 482
299 185
300 485
301 487
302 187
303 490
304 188
305 493
306 495
307 190
308 498
309 191
310 501
311 503
312 193
313 506
314 508
315 195
316 511
317 196
318 514
319 516
320 198
321 519
322 521
323 200
324 524
325 201
326 527
327 529
328 203
329 532
330 204
331 535
332 537
333 206
334 540
335 542
336 208
337 545
338 209
339 548
340 550
341 211
342 553
343 212
344 556
345 558
346 214
347 561
348 563
349 216
350 566
351 217
352 569
353 571
354 219
355 574
356 576
357 221
358 579
359 222
360 582
361 584
362 224
363 587
364 225
365 590
366 592
367 227
368 595
369 597
370 229
371 600
372 230
373 603
374 605
375 232
376 608
377 233
378 611
379 613
380 235
381 616
382 618
383 237
384 621
385 238
386 624
387 626
388 240
389 629
390 631
391 242
392 634
393 243
394 637
395 639
396 245
397 642
398 246
399 645
400 647
401 248
402 650
403 652
404 250
405 655
406 251
407 658
408 660
409 253
410 663
411 665
412 255
413 668
414 256
415 671
416 673
417 258
418 676
419 259
420 679
421 681
422 261
423 684
424 686
425 263
426 689
427 264
428 692
429 694
430 266
431 697
432 267
433 700
434 702
435 269
436 705
437 707
438 271
439 710
440 272
441 713
442 715
443 274
444 718
445 720
446 276
447 723
448 277
449 726
450 728
451 279
452 731
453 280
454 734
455 736
456 282
457 739
458 741
459 284
460 744
461 285
462 747
463 749
464 287
465 752
466 754
467 289
468 757
469 290
470 760
471 762
472 292
473 765
474 293
475 768
476 770
477 295
478 773
479 775
480 297
481 778
482 298
483 781
484 783
485 300
486 786
487 301
488 789
489 791
490 303
491 794
492 796
493 305
494 799
495 306
496 802
497 804
498 308
499 807
500 809
501 310
502 812
503 311
504 815
505 817
506 313
507 820
508 314
509 823
510 825
511 316
512 828
513 830
514 318
515 833
516 319
517 836
518 838
519 321
520 841
521 322
522 844
523 846
524 324
525 849
526 851
527 326
528 854
529 327
530 857
531 859
532 329
533 862
534 864
535 331
536 867
537 332
538 870
539 872
540 334
541 875
542 335
543 878
544 880
545 337
546 883
547 885
548 339
549 888
550 340
551 891
552 893
553 342
554 896
555 898
556 344
557 901
558 345
559 904
560 906
561 347
562 909
563 348
564 912
565 914
566 350
567 917
568 919
569 352
570 922
571 353
572 925
573 927
574 355
575 930
576 356
577 933
578 935
579 358
580 938
581 940
582 360
583 943
584 361
585 946
586 948
587 363
588 951
589 953
590 365
591 956
592 366
593 959
594 961
595 368
596 964
597 369
598 967
599 969
600 371
601 972
602 974
603 373
604 977
605 374
606 980
607 982
608 376
609 985
610 987
611 378
612 990
613 379
614 993
615 995
616 381
617 998
618 382
619 1001
620 1003
621 384
622 1006
623 1008
624 386
625 1011
626 387
627 1014
628 1016
629 389
630 1019
631 390
632 1022
633 1024
634 392
635 1027
636 1029
637 394
638 1032
639 395
640 1035
641 1037
642 397
643 1040
644 1042
645 399
646 1045
647 400
648 1048
649 1050
650 402
651 1053
652 403
653 1056
654 1058
655 405
656 1061
657 1063
658 407
659 1066
660 408
661 1069
662 1071
663 410
664 1074
665 411
666 1077
667 1079
668 413
669 1082
670 1084
671 415
672 1087
673 416
674 1090
675 1092
676 418
677 1095
678 1097
679 420
680 1100
681 421
682 1103
683 1105
684 423
685 1108
686 424
687 1111
688 1113
689 426
690 1116
691 1118
692 428
693 1121
694 429
695 1124
696 1126
697 431
698 1129
699 1131
700 433
701 1134
702 434
703 1137
704 1139
705 436
706 1142
707 437
708 1145
709 1147
710 439
711 1150
712 1152
713 441
714 1155
715 442
716 1158
717 1160
718 444
719 1163
720 445
721 1166
722 1168
723 447
724 1171
725 1173
726 449
727 1176
728 450
729 1179
730 1181
731 452
732 1184
733 1186
734 454
735 1189
736 455
737 1192
738 1194
739 457
740 1197
741 458
742 1200
743 1202
744 460
745 1205
746 1207
747 462
748 1210
749 463
750 1213
751 1215
752 465
753 1218
754 466
755 1221
756 1223
757 468
758 1226
759 1228
760 470
761 1231
762 471
763 1234
764 1236
765 473
766 1239
767 1241
768 475
769 1244
770 476
771 1247
772 1249
773 478
774 1252
775 479
776 1255
777 1257
778 481
779 1260
780 1262
781 483
782 1265
783 484
784 1268
785 1270
786 486
787 1273
788 1275
789 488
790 1278
791 489
792 1281
793 1283
794 491
795 1286
796 492
797 1289
798 1291
799 494
800 1294
801 1296
802 496
803 1299
804 497
805 1302
806 1304
807 499
808 1307
809 500
810 1310
811 1312
812 502
813 1315
814 1317
815 504
816 1320
817 505
818 1323
819 1325
820 507
821 1328
822 1330
823 509
824 1333
825 510
826 1336
827 1338
828 512
829 1341
830 513
831 1344
832 1346
833 515
834 1349
835 1351
836 517
837 1354
838 518
839 1357
840 1359
841 520
842 1362
843 1364
844 522
845 1367
846 523
847 1370
848 1372
849 525
850 1375
851 526
852 1378
853 1380
854 528
855 1383
856 1385
857 530
858 1388
859 531
860 1391
861 1393
862 533
863 1396
864 534
865 1399
866 1401
867 536
868 1404
869 1406
870 538
871 1409
872 539
873 1412
874 1414
875 541
876 1417
877 1419
878 543
879 1422
880 544
881 1425
882 1427
883 546
884 1430
885 547
886 1433
887 1435
888 549
889 1438
890 1440
891 551
892 1443
893 552
894 1446
895 1448
896 554
897 1451
898 555
899 1454
900 1456
901 557
902 1459
903 1461
904 559
905 1464
906 560
907 1467
908 1469
909 562
910 1472
911 1474
912 564
913 1477
914 565
915 1480
916 1482
917 567
918 1485
919 568
920 1488
921 1490
922 570
923 1493
924 1495
925 572
926 1498
927 573
928 1501
929 1503
930 575
931 1506
932 1508
933 577
934 1511
935 578
936 1514
937 1516
938 580
939 1519
940 581
941 1522
942 1524
943 583
944 1527
945 1529
946 585
947 1532
948 586
949 1535
950 1537
951 588
952 1540
953 589
954 1543
955 1545
956 591
957 1548
958 1550
959 593
960 1553
961 594
962 1556
963 1558
964 596
965 1561
966 1563
967 598
968 1566
969 599
970 1569
971 1571
972 601
973 1574
974 602
975 1577
976 1579
977 604
978 1582
979 1584
980 606
981 1587
982 607
983 1590
984 1592
985 609
986 1595
987 610
988 1598
989 1600
990 612
991 1603
992 1605
993 614
994 1608
995 615
996 1611
997 1613
998 617
999 1616
1000 1618
1001 619
1002 1621
1003 620
1004 1624
1005 1626
1006 622
1007 1629
1008 623
1009 1632
1010 1634
1011 625
1012 1637
1013 1639
1014 627
1015 1642
1016 628
1017 1645
1018 1647
1019 630
1020 1650
1021 1652
1022 632
1023 1655
1024 633
1025 1658
1026 1660
1027 635
1028 1663
1029 636
1030 1666
1031 1668
1032 638
1033 1671
1034 1673
1035 640
1036 1676
1037 641
1038 1679
1039 1681
1040 643
1041 1684
1042 644
1043 1687
1044 1689
1045 646
1046 1692
1047 1694
1048 648
1049 1697
1050 649
1051 1700
1052 1702
1053 651
1054 1705
1055 1707
1056 653
1057 1710
1058 654
1059 1713
1060 1715
1061 656
1062 1718
1063 657
1064 1721
1065 1723
1066 659
1067 1726
1068 1728
1069 661
1070 1731
1071 662
1072 1734
1073 1736
1074 664
1075 1739
1076 1741
1077 666
1078 1744
1079 667
1080 1747
1081 1749
1082 669
1083 1752
1084 670
1085 1755
1086 1757
1087 672
1088 1760
1089 1762
1090 674
1091 1765
1092 675
1093 1768
1094 1770
1095 677
1096 1773
1097 678
1098 1776
1099 1778
1100 680
1101 1781
1102 1783
1103 682
1104 1786
1105 683
1106 1789
1107 1791
1108 685
1109 1794
1110 1796
1111 687
1112 1799
1113 688
1114 1802
1115 1804
1116 690
1117 1807
1118 691
1119 1810
1120 1812
1121 693
1122 1815
1123 1817
1124 695
1125 1820
1126 696
1127 1823
1128 1825
1129 698
1130 1828
1131 699
1132 1831
1133 1833
1134 701
1135 1836
1136 1838
1137 703
1138 1841
1139 704
1140 1844
1141 1846
1142 706
1143 1849
1144 1851
1145 708
1146 1854
1147 709
1148 1857
1149 1859
1150 711
1151 1862
1152 712
1153 1865
1154 1867
1155 714
1156 1870
1157 1872
1158 716
1159 1875
1160 717
1161 1878
1162 1880
1163 719
1164 1883
1165 1885
1166 721
1167 1888
1168 722
1169 1891
1170 1893
1171 724
1172 1896
1173 725
1174 1899
1175 1901
1176 727
1177 1904
1178 1906
1179 729
1180 1909
1181 730
1182 1912
1183 1914
1184 732
1185 1917
1186 733
1187 1920
1188 1922
1189 735
1190 1925
1191 1927
1192 737
1193 1930
1194 738
1195 1933
1196 1935
1197 740
1198 1938
1199 1940
1200 742
1201 1943
1202 743
1203 1946
1204 1948
1205 745
1206 1951
1207 746
1208 1954
1209 1956
1210 748
1211 1959
1212 1961
1213 750
1214 1964
1215 751
1216 1967
1217 1969
1218 753
1219 1972
1220 1974
1221 755
1222 1977
1223 756
1224 1980
1225 1982
1226 758
1227 1985
1228 759
1229 1988
1230 1990
1231 761
1232 1993
1233 1995
1234 763
1235 1998
1236 764
1237 2001
1238 2003
1239 766
1240 2006
1241 767
1242 2009
1243 2011
1244 769
1245 2014
1246 2016
1247 771
1248 2019
1249 772
1250 2022
1251 2024
1252 774
1253 2027
1254 2029
1255 776
1256 2032
1257 777
1258 2035
1259 2037
1260 779
1261 2040
1262 780
1263 2043
1264 2045
1265 782
1266 2048
1267 2050
1268 784
1269 2053
1270 785
1271 2056
1272 2058
1273 787
1274 2061
1275 788
1276 2064
1277 2066
1278 790
1279 2069
1280 2071
1281 792
1282 2074
1283 793
1284 2077
1285 2079
1286 795
1287 2082
1288 2084
1289 797
1290 2087
1291 798
1292 2090
1293 2092
1294 800
1295 2095
1296 801
1297 2098
1298 2100
1299 803
1300 2103
1301 2105
1302 805
1303 2108
1304 806
1305 2111
1306 2113
1307 808
1308 2116
1309 2118
1310 810
1311 2121
1312 811
1313 2124
1314 2126
1315 813
1316 2129
1317 814
1318 2132
1319 2134
1320 816
1321 2137
1322 2139
1323 818
1324 2142
1325 819
1326 2145
1327 2147
1328 821
1329 2150
1330 822
1331 2153
1332 2155
1333 824
1334 2158
1335 2160
1336 826
1337 2163
1338 827
1339 2166
1340 2168
1341 829
1342 2171
1343 2173
1344 831
1345 2176
1346 832
1347 2179
1348 2181
1349 834
1350 2184
1351 835
1352 2187
1353 2189
1354 837
1355 2192
1356 2194
1357 839
1358 2197
1359 840
1360 2200
1361 2202
1362 842
1363 2205
1364 843
1365 2208
1366 2210
1367 845
1368 2213
1369 2215
1370 847
1371 2218
1372 848
1373 2221
1374 2223
1375 850
1376 2226
1377 2228
1378 852
1379 2231
1380 853
1381 2234
1382 2236
1383 855
1384 2239
1385 856
1386 2242
1387 2244
1388 858
1389 2247
1390 2249
1391 860
1392 2252
1393 861
1394 2255
1395 2257
1396 863
1397 2260
1398 2262
1399 865
1400 2265
1401 866
1402 2268
1403 2270
1404 868
1405 2273
1406 869
1407 2276
1408 2278
1409 871
1410 2281
1411 2283
1412 873
1413 2286
1414 874
1415 2289
1416 2291
1417 876
1418 2294
1419 877
1420 2297
1421 2299
1422 879
1423 2302
1424 2304
1425 881
1426 2307
1427 882
1428 2310
1429 2312
1430 884
1431 2315
1432 2317
1433 886
1434 2320
1435 887
1436 2323
1437 2325
1438 889
1439 2328
1440 890
1441 2331
1442 2333
1443 892
1444 2336
1445 2338
1446 894
1447 2341
1448 895
1449 2344
1450 2346
1451 897
1452 2349
1453 2351
1454 899
1455 2354
1456 900
1457 2357
1458 2359
1459 902
1460 2362
1461 903
1462 2365
1463 2367
1464 905
1465 2370
1466 2372
1467 907
1468 2375
1469 908
1470 2378
1471 2380
1472 910
1473 2383
1474 911
1475 2386
1476 2388
1477 913
1478 2391
1479 2393
1480 915
1481 2396
1482 916
1483 2399
1484 2401
1485 918
1486 2404
1487 2406
1488 920
1489 2409
1490 921
1491 2412
1492 2414
1493 923
1494 2417
1495 924
1496 2420
1497 2422
1498 926
1499 2425
1500 2427
1501 928
1502 2430
1503 929
1504 2433
1505 2435
1506 931
1507 2438
1508 932
1509 2441
1510 2443
1511 934
1512 2446
1513 2448
1514 936
1515 2451
1516 937
1517 2454
1518 2456
1519 939
1520 2459
1521 2461
1522 941
1523 2464
1524 942
1525 2467
1526 2469
1527 944
1528 2472
1529 945
1530 2475
1531 2477
1532 947
1533 2480
1534 2482
1535 949
1536 2485
1537 950
1538 2488
1539 2490
1540 952
1541 2493
1542 2495
1543 954
1544 2498
1545 955
1546 2501
1547 2503
1548 957
1549 2506
1550 958
1551 2509
1552 2511
1553 960
1554 2514
1555 2516
1556 962
1557 2519
1558 963
1559 2522
1560 2524
1561 965
1562 2527
1563 966
1564 2530
1565 2532
1566 968
1567 2535
1568 2537
1569 970
1570 2540
1571 971
1572 2543
1573 2545
1574 973
1575 2548
1576 2550
1577 975
1578 2553
1579 976
1580 2556
1581 2558
1582 978
1583 2561
1584 979
1585 2564
1586 2566
1587 981
1588 2569
1589 2571
1590 983
1591 2574
1592 984
1593 2577
1594 2579
1595 986
1596 2582
1597 2584
1598 988
1599 2587
1600 989
1601 2590
1602 2592
1603 991
1604 2595
1605 992
1606 2598
1607 2600
1608 994
1609 2603
1610 2605
1611 996
1612 2608
1613 997
1614 2611
1615 2613
1616 999
1617 2616
1618 1000
1619 2619
1620 2621
1621 1002
1622 2624
1623 2626
1624 1004
1625 2629
1626 1005
1627 2632
1628 2634
1629 1007
1630 2637
1631 2639
1632 1009
1633 2642
1634 1010
1635 2645
1636 2647
1637 1012
1638 2650
1639 1013
1640 2653
1641 2655
1642 1015
1643 2658
1644 2660
1645 1017
1646 2663
1647 1018
1648 2666
1649 2668
1650 1020
1651 2671
1652 1021
1653 2674
1654 2676
1655 1023
1656 2679
1657 2681
1658 1025
1659 2684
1660 1026
1661 2687
1662 2689
1663 1028
1664 2692
1665 2694
1666 1030
1667 2697
1668 1031
1669 2700
1670 2702
1671 1033
1672 2705
1673 1034
1674 2708
1675 2710
1676 1036
1677 2713
1678 2715
1679 1038
1680 2718
1681 1039
1682 2721
1683 2723
1684 1041
1685 2726
1686 2728
1687 1043
1688 2731
1689 1044
1690 2734
1691 2736
1692 1046
1693 2739
1694 1047
1695 2742
1696 2744
1697 1049
1698 2747
1699 2749
1700 1051
1701 2752
1702 1052
1703 2755
1704 2757
1705 1054
1706 2760
1707 1055
1708 2763
1709 2765
1710 1057
1711 2768
1712 2770
1713 1059
1714 2773
1715 1060
1716 2776
1717 2778
1718 1062
1719 2781
1720 2783
1721 1064
1722 2786
1723 1065
1724 2789
1725 2791
1726 1067
1727 2794
1728 1068
1729 2797
1730 2799
1731 1070
1732 2802
1733 2804
1734 1072
1735 2807
1736 1073
1737 2810
1738 2812
1739 1075
1740 2815
1741 1076
1742 2818
1743 2820
1744 1078
1745 2823
1746 2825
1747 1080
1748 2828
1749 1081
1750 2831
1751 2833
1752 1083
1753 2836
1754 2838
1755 1085
1756 2841
1757 1086
1758 2844
1759 2846
1760 1088
1761 2849
1762 1089
1763 2852
1764 2854
1765 1091
1766 2857
1767 2859
1768 1093
1769 2862
1770 1094
1771 2865
1772 2867
1773 1096
1774 2870
1775 2872
1776 1098
1777 2875
1778 1099
1779 2878
1780 2880
1781 1101
1782 2883
1783 1102
1784 2886
1785 2888
1786 1104
1787 2891
1788 2893
1789 1106
1790 2896
1791 1107
1792 2899
1793 2901
1794 1109
1795 2904
1796 1110
1797 2907
1798 2909
1799 1112
1800 2912
1801 2914
1802 1114
1803 2917
1804 1115
1805 2920
1806 2922
1807 1117
1808 2925
1809 2927
1810 1119
1811 2930
1812 1120
1813 2933
1814 2935
1815 1122
1816 2938
1817 1123
1818 2941
1819 2943
1820 1125
1821 2946
1822 2948
1823 1127
1824 2951
1825 1128
1826 2954
1827 2956
1828 1130
1829 2959
1830 2961
1831 1132
1832 2964
1833 1133
1834 2967
1835 2969
1836 1135
1837 2972
1838 1136
1839 2975
1840 2977
1841 1138
1842 2980
1843 2982
1844 1140
1845 2985
1846 1141
1847 2988
1848 2990
1849 1143
1850 2993
1851 1144
1852 2996
1853 2998
1854 1146
1855 3001
1856 3003
1857 1148
1858 3006
1859 1149
1860 3009
1861 3011
1862 1151
1863 3014
1864 3016
1865 1153
1866 3019
1867 1154
1868 3022
1869 3024
1870 1156
1871 3027
1872 1157
1873 3030
1874 3032
1875 1159
1876 3035
1877 3037
1878 1161
1879 3040
1880 1162
1881 3043
1882 3045
1883 1164
1884 3048
1885 1165
1886 3051
1887 3053
1888 1167
1889 3056
1890 3058
1891 1169
1892 3061
1893 1170
1894 3064
1895 3066
1896 1172
1897 3069
1898 3071
1899 1174
1900 3074
1901 1175
1902 3077
1903 3079
1904 1177
1905 3082
1906 1178
1907 3085
1908 3087
1909 1180
1910 3090
1911 3092
1912 1182
1913 3095
1914 1183
1915 3098
1916 3100
1917 1185
1918 3103
1919 3105
1920 1187
1921 3108
1922 1188
1923 3111
1924 3113
1925 1190
1926 3116
1927 1191
1928 3119
1929 3121
1930 1193
1931 3124
1932 3126
1933 1195
1934 3129
1935 1196
1936 3132
1937 3134
1938 1198
1939 3137
1940 1199
1941 3140
1942 3142
1943 1201
1944 3145
1945 3147
1946 1203
1947 3150
1948 1204
1949 3153
1950 3155
1951 1206
1952 3158
1953 3160
1954 1208
1955 3163
1956 1209
1957 3166
1958 3168
1959 1211
1960 3171
1961 1212
1962 3174
1963 3176
1964 1214
1965 3179
1966 3181
1967 1216
1968 3184
1969 1217
1970 3187
1971 3189
1972 1219
1973 3192
1974 1220
1975 3195
1976 3197
1977 1222
1978 3200
1979 3202
1980 1224
1981 3205
1982 1225
1983 3208
1984 3210
1985 1227
1986 3213
1987 3215
1988 1229
1989 3218
1990 1230
1991 3221
1992 3223
1993 1232
1994 3226
1995 1233
1996 3229
1997 3231
1998 1235
1999 3234
2000 3236
2001 1237
2002 3239
2003 1238
2004 3242
2005 3244
2006 1240
2007 3247
2008 3249
2009 1242
2010 3252
2011 1243
2012 3255
2013 3257
2014 1245
2015 3260
2016 1246
2017 3263
2018 3265
2019 1248
2020 3268
2021 3270
2022 1250
2023 3273
2024 1251
2025 3276
2026 3278
2027 1253
2028 3281
2029 1254
2030 3284
2031 3286
2032 1256
2033 3289
2034 3291
2035 1258
2036 3294
2037 1259
2038 3297
2039 3299
2040 1261
2041 3302
2042 3304
2043 1263
2044 3307
2045 1264
2046 3310
2047 3312
2048 1266
2049 3315
2050 1267
2051 3318
2052 3320
2053 1269
2054 3323
2055 3325
2056 1271
2057 3328
2058 1272
2059 3331
2060 3333
2061 1274
2062 3336
2063 3338
2064 1276
2065 3341
2066 1277
2067 3344
2068 3346
2069 1279
2070 3349
2071 1280
2072 3352
2073 3354
2074 1282
2075 3357
2076 3359
2077 1284
2078 3362
2079 1285
2080 3365
2081 3367
2082 1287
2083 3370
2084 1288
2085 3373
2086 3375
2087 1290
2088 3378
2089 3380
2090 1292
2091 3383
2092 1293
2093 3386
2094 3388
2095 1295
2096 3391
2097 3393
2098 1297
2099 3396
2100 1298
2101 3399
2102 3401
2103 1300
2104 3404
2105 1301
2106 3407
2107 3409
2108 1303
2109 3412
2110 3414
2111 1305
2112 3417
2113 1306
2114 3420
2115 3422
2116 1308
2117 3425
2118 1309
2119 3428
2120 3430
2121 1311
2122 3433
2123 3435
2124 1313
2125 3438
2126 1314
2127 3441
2128 3443
2129 1316
2130 3446
2131 3448
2132 1318
2133 3451
2134 1319
2135 3454
2136 3456
2137 1321
2138 3459
2139 1322
2140 3462
2141 3464
2142 1324
2143 3467
2144 3469
2145 1326
2146 3472
2147 1327
2148 3475
2149 3477
2150 1329
2151 3480
2152 3482
2153 1331
2154 3485
2155 1332
2156 3488
2157 3490
2158 1334
2159 3493
2160 1335
2161 3496
2162 3498
2163 1337
2164 3501
2165 3503
2166 1339
2167 3506
2168 1340
2169 3509
2170 3511
2171 1342
2172 3514
2173 1343
2174 3517
2175 3519
2176 1345
2177 3522
2178 3524
2179 1347
2180 3527
2181 1348
2182 3530
2183 3532
2184 1350
2185 3535
2186 3537
2187 1352
2188 3540
2189 1353
2190 3543
2191 3545
2192 1355
2193 3548
2194 1356
2195 3551
2196 3553
2197 1358
2198 3556
2199 3558
2200 1360
2201 3561
2202 1361
2203 3564
2204 3566
2205 1363
2206 3569
2207 3571
2208 1365
2209 3574
2210 1366
2211 3577
2212 3579
2213 1368
2214 3582
2215 1369
2216 3585
2217 3587
2218 1371
2219 3590
2220 3592
2221 1373
2222 3595
2223 1374
2224 3598
2225 3600
2226 1376
2227 3603
2228 1377
2229 3606
2230 3608
2231 1379
2232 3611
2233 3613
2234 1381
2235 3616
2236 1382
2237 3619
2238 3621
2239 1384
2240 3624
2241 3626
2242 1386
2243 3629
2244 1387
2245 3632
2246 3634
2247 1389
2248 3637
2249 1390
2250 3640
2251 3642
2252 1392
2253 3645
2254 3647
2255 1394
2256 3650
2257 1395
2258 3653
2259 3655
2260 1397
2261 3658
2262 1398
2263 3661
2264 3663
2265 1400
2266 3666
2267 3668
2268 1402
2269 3671
2270 1403
2271 3674
2272 3676
2273 1405
2274 3679
2275 3681
2276 1407
2277 3684
2278 1408
2279 3687
2280 3689
2281 1410
2282 3692
2283 1411
2284 3695
2285 3697
2286 1413
2287 3700
2288 3702
2289 1415
2290 3705
2291 1416
2292 3708
2293 3710
2294 1418
2295 3713
2296 3715
2297 1420
2298 3718
2299 1421
2300 3721
2301 3723
2302 1423
2303 3726
2304 1424
2305 3729
2306 3731
2307 1426
2308 3734
2309 3736
2310 1428
2311 3739
2312 1429
2313 3742
2314 3744
2315 1431
2316 3747
2317 1432
2318 3750
2319 3752
2320 1434
2321 3755
2322 3757
2323 1436
2324 3760
2325 1437
2326 3763
2327 3765
2328 1439
2329 3768
2330 3770
2331 1441
2332 3773
2333 1442
2334 3776
2335 3778
2336 1444
2337 3781
2338 1445
2339 3784
2340 3786
2341 1447
2342 3789
2343 3791
2344 1449
2345 3794
2346 1450
2347 3797
2348 3799
2349 1452
2350 3802
2351 1453
2352 3805
2353 3807
2354 1455
2355 3810
2356 3812
2357 1457
2358 3815
2359 1458
2360 3818
2361 3820
2362 1460
2363 3823
2364 3825
2365 1462
2366 3828
2367 1463
2368 3831
2369 3833
2370 1465
2371 3836
2372 1466
2373 3839
2374 3841
2375 1468
2376 3844
2377 3846
2378 1470
2379 3849
2380 1471
2381 3852
2382 3854
2383 1473
2384 3857
2385 3859
2386 1475
2387 3862
2388 1476
2389 3865
2390 3867
2391 1478
2392 3870
2393 1479
2394 3873
2395 3875
2396 1481
2397 3878
2398 3880
2399 1483
2400 3883
2401 1484
2402 3886
2403 3888
2404 1486
2405 3891
2406 1487
2407 3894
2408 3896
2409 1489
2410 3899
2411 3901
2412 1491
2413 3904
2414 1492
2415 3907
2416 3909
2417 1494
2418 3912
2419 3914
2420 1496
2421 3917
2422 1497
2423 3920
2424 3922
2425 1499
2426 3925
2427 1500
2428 3928
2429 3930
2430 1502
2431 3933
2432 3935
2433 1504
2434 3938
2435 1505
2436 3941
2437 3943
2438 1507
2439 3946
2440 3948
2441 1509
2442 3951
2443 1510
2444 3954
2445 3956
2446 1512
2447 3959
2448 1513
2449 3962
2450 3964
2451 1515
2452 3967
2453 3969
2454 1517
2455 3972
2456 1518
2457 3975
2458 3977
2459 1520
2460 3980
2461 1521
2462 3983
2463 3985
2464 1523
2465 3988
2466 3990
2467 1525
2468 3993
2469 1526
2470 3996
2471 3998
2472 1528
2473 4001
2474 4003
2475 1530
2476 4006
2477 1531
2478 4009
2479 4011
2480 1533
2481 4014
2482 1534
2483 4017
2484 4019
2485 1536
2486 4022
2487 4024
2488 1538
2489 4027
2490 1539
2491 4030
2492 4032
2493 1541
2494 4035
2495 1542
2496 4038
2497 4040
2498 1544
2499 4043
2500 4045
2501 1546
2502 4048
2503 1547
2504 4051
2505 4053
2506 1549
2507 4056
2508 4058
2509 1551
2510 4061
2511 1552
2512 4064
2513 4066
2514 1554
2515 4069
2516 1555
2517 4072
2518 4074
2519 1557
2520 4077
2521 4079
2522 1559
2523 4082
2524 1560
2525 4085
2526 4087
2527 1562
2528 4090
2529 4092
2530 1564
2531 4095
2532 1565
2533 4098
2534 4100
2535 1567
2536 4103
2537 1568
2538 4106
2539 4108
2540 1570
2541 4111
2542 4113
2543 1572
2544 4116
2545 1573
2546 4119
2547 4121
2548 1575
2549 4124
2550 1576
2551 4127
2552 4129
2553 1578
2554 4132
2555 4134
2556 1580
2557 4137
2558 1581
2559 4140
2560 4142
2561 1583
2562 4145
2563 4147
2564 1585
2565 4150
2566 1586
2567 4153
2568 4155
2569 1588
2570 4158
2571 1589
2572 4161
2573 4163
2574 1591
2575 4166
2576 4168
2577 1593
2578 4171
2579 1594
2580 4174
2581 4176
2582 1596
2583 4179
2584 1597
2585 4182
2586 4184
2587 1599
2588 4187
2589 4189
2590 1601
2591 4192
2592 1602
2593 4195
2594 4197
2595 1604
2596 4200
2597 4202
2598 1606
2599 4205
2600 1607
2601 4208
2602 4210
2603 1609
2604 4213
2605 1610
2606 4216
2607 4218
2608 1612
2609 4221
2610 4223
2611 1614
2612 4226
2613 1615
2614 4229
2615 4231
2616 1617
2617 4234
2618 4236
2619 1619
2620 4239
2621 1620
2622 4242
2623 4244
2624 1622
2625 4247
2626 1623
2627 4250
2628 4252
2629 1625
2630 4255
2631 4257
2632 1627
2633 4260
2634 1628
2635 4263
2636 4265
2637 1630
2638 4268
2639 1631
2640 4271
2641 4273
2642 1633
2643 4276
2644 4278
2645 1635
2646 4281
2647 1636
2648 4284
2649 4286
2650 1638
2651 4289
2652 4291
2653 1640
2654 4294
2655 1641
2656 4297
2657 4299
2658 1643
2659 4302
2660 1644
2661 4305
2662 4307
2663 1646
2664 4310
2665 4312
2666 1648
2667 4315
2668 1649
2669 4318
2670 4320
2671 1651
2672 4323
2673 4325
2674 1653
2675 4328
2676 1654
2677 4331
2678 4333
2679 1656
2680 4336
2681 1657
2682 4339
2683 4341
2684 1659
2685 4344
2686 4346
2687 1661
2688 4349
2689 1662
2690 4352
2691 4354
2692 1664
2693 4357
2694 1665
2695 4360
2696 4362
2697 1667
2698 4365
2699 4367
2700 1669
2701 4370
2702 1670
2703 4373
2704 4375
2705 1672
2706 4378
2707 4380
2708 1674
2709 4383
2710 1675
2711 4386
2712 4388
2713 1677
2714 4391
2715 1678
2716 4394
2717 4396
2718 1680
2719 4399
2720 4401
2721 1682
2722 4404
2723 1683
2724 4407
2725 4409
2726 1685
2727 4412
2728 1686
2729 4415
2730 4417
2731 1688
2732 4420
2733 4422
2734 1690
2735 4425
2736 1691
2737 4428
2738 4430
2739 1693
2740 4433
2741 4435
2742 1695
2743 4438
2744 1696
2745 4441
2746 4443
2747 1698
2748 4446
2749 1699
2750 4449
2751 4451
2752 1701
2753 4454
2754 4456
2755 1703
2756 4459
2757 1704
2758 4462
2759 4464
2760 1706
2761 4467
2762 4469
2763 1708
2764 4472
2765 1709
2766 4475
2767 4477
2768 1711
2769 4480
2770 1712
2771 4483
2772 4485
2773 1714
2774 4488
2775 4490
2776 1716
2777 4493
2778 1717
2779 4496
2780 4498
2781 1719
2782 4501
2783 1720
2784 4504
2785 4506
2786 1722
2787 4509
2788 4511
2789 1724
2790 4514
2791 1725
2792 4517
2793 4519
2794 1727
2795 4522
2796 4524
2797 1729
2798 4527
2799 1730
2800 4530
2801 4532
2802 1732
2803 4535
2804 1733
2805 4538
2806 4540
2807 1735
2808 4543
2809 4545
2810 1737
2811 4548
2812 1738
2813 4551
2814 4553
2815 1740
2816 4556
2817 4558
2818 1742
2819 4561
2820 1743
2821 4564
2822 4566
2823 1745
2824 4569
2825 1746
2826 4572
2827 4574
2828 1748
2829 4577
2830 4579
2831 1750
2832 4582
2833 1751
2834 4585
2835 4587
2836 1753
2837 4590
2838 1754
2839 4593
2840 4595
2841 1756
2842 4598
2843 4600
2844 1758
2845 4603
2846 1759
2847 4606
2848 4608
2849 1761
2850 4611
2851 4613
2852 1763
2853 4616
2854 1764
2855 4619
2856 4621
2857 1766
2858 4624
2859 1767
2860 4627
2861 4629
2862 1769
2863 4632
2864 4634
2865 1771
2866 4637
2867 1772
2868 4640
2869 4642
2870 1774
2871 4645
2872 1775
2873 4648
2874 4650
2875 1777
2876 4653
2877 4655
2878 1779
2879 4658
2880 1780
2881 4661
2882 4663
2883 1782
2884 4666
2885 4668
2886 1784
2887 4671
2888 1785
2889 4674
2890 4676
2891 1787
2892 4679
2893 1788
2894 4682
2895 4684
2896 1790
2897 4687
2898 4689
2899 1792
2900 4692
2901 1793
2902 4695
2903 4697
2904 1795
2905 4700
2906 4702
2907 1797
2908 4705
2909 1798
2910 4708
2911 4710
2912 1800
2913 4713
2914 1801
2915 4716
2916 4718
2917 1803
2918 4721
2919 4723
2920 1805
2921 4726
2922 1806
2923 4729
2924 4731
2925 1808
2926 4734
2927 1809
2928 4737
2929 4739
2930 1811
2931 4742
2932 4744
2933 1813
2934 4747
2935 1814
2936 4750
2937 4752
2938 1816
2939 4755
2940 4757
2941 1818
2942 4760
2943 1819
2944 4763
2945 4765
2946 1821
2947 4768
2948 1822
2949 4771
2950 4773
2951 1824
2952 4776
2953 4778
2954 1826
2955 4781
2956 1827
2957 4784
2958 4786
2959 1829
2960 4789
2961 1830
2962 4792
2963 4794
2964 1832
2965 4797
2966 4799
2967 1834
2968 4802
2969 1835
2970 4805
2971 4807
2972 1837
2973 4810
2974 4812
2975 1839
2976 4815
2977 1840
2978 4818
2979 4820
2980 1842
2981 4823
2982 1843
2983 4826
2984 4828
2985 1845
2986 4831
2987 4833
2988 1847
2989 4836
2990 1848
2991 4839
2992 4841
2993 1850
2994 4844
2995 4846
2996 1852
2997 4849
2998 1853
2999 4852
3000 4854
3001 1855
3002 4857
3003 1856
3004 4860
3005 4862
3006 1858
3007 4865
3008 4867
3009 1860
3010 4870
3011 1861
3012 4873
3013 4875
3014 1863
3015 4878
3016 1864
3017 4881
3018 4883
3019 1866
3020 4886
3021 4888
3022 1868
3023 4891
3024 1869
3025 4894
3026 4896
3027 1871
3028 4899
3029 4901
3030 1873
3031 4904
3032 1874
3033 4907
3034 4909
3035 1876
3036 4912
3037 1877
3038 4915
3039 4917
3040 1879
3041 4920
3042 4922
3043 1881
3044 4925
3045 1882
3046 4928
3047 4930
3048 1884
3049 4933
3050 4935
3051 1886
3052 4938
3053 1887
3054 4941
3055 4943
3056 1889
3057 4946
3058 1890
3059 4949
3060 4951
3061 1892
3062 4954
3063 4956
3064 1894
3065 4959
3066 1895
3067 4962
3068 4964
3069 1897
3070 4967
3071 1898
3072 4970
3073 4972
3074 1900
3075 4975
3076 4977
3077 1902
3078 4980
3079 1903
3080 4983
3081 4985
3082 1905
3083 4988
3084 4990
3085 1907
3086 4993
3087 1908
3088 4996
3089 4998
3090 1910
