1 1
1 3
1 5
1 7
1 9
1 11
1 13
1 15
2 2
2 3
2 6
2 7
2 10
2 11
2 14
2 15
3 1
3 2
3 5
3 6
3 9
3 10
3 13
3 14
4 4
4 5
4 6
4 7
4 12
4 13
4 14
4 15
5 1
5 3
5 4
5 6
5 9
5 11
5 12
5 14
6 2
6 3
6 4
6 5
6 10
6 11
6 12
6 13
7 1
7 2
7 4
7 7
7 9
7 10
7 12
7 15
8 8
8 9
8 10
8 11
8 12
8 13
8 14
8 15
9 1
9 3
9 5
9 7
9 8
9 10
9 12
9 14
10 2
10 3
10 6
10 7
10 8
10 9
10 12
10 13
11 1
11 2
11 5
11 6
11 8
11 11
11 12
11 15
12 4
12 5
12 6
12 7
12 8
12 9
12 10
12 11
13 1
13 3
13 4
13 6
13 8
13 10
13 13
13 15
14 2
14 3
14 4
14 5
14 8
14 9
14 14
14 15
15 1
15 2
15 4
15 7
15 8
15 11
15 13
15 14
