3 1
5 1
6 2
6 3
7 3
7 2
7 1
9 1
10 2
10 3
11 3
11 2
11 1
12 4
12 5
12 6
12 7
13 5
13 4
13 7
13 6
13 1
14 6
14 7
14 4
14 5
14 2
14 3
15 7
15 6
15 5
15 4
15 3
15 2
15 1
17 1
18 2
18 3
19 3
19 2
19 1
20 4
20 5
20 6
20 7
21 5
21 4
21 7
21 6
21 1
22 6
22 7
22 4
22 5
22 2
22 3
23 7
23 6
23 5
23 4
23 3
23 2
23 1
24 8
24 9
24 10
24 11
24 12
24 13
24 14
24 15
25 9
25 8
25 11
25 10
25 13
25 12
25 15
25 14
25 1
26 10
26 11
26 8
26 9
26 14
26 15
26 12
26 13
26 2
26 3
27 11
27 10
27 9
27 8
27 15
27 14
27 13
27 12
27 3
27 2
27 1
28 12
28 13
28 14
28 15
28 8
28 9
28 10
28 11
28 4
28 5
28 6
28 7
29 13
29 12
29 15
29 14
29 9
29 8
29 11
29 10
29 5
29 4
29 7
29 6
29 1
30 14
30 15
30 12
30 13
30 10
30 11
30 8
30 9
30 6
30 7
30 4
30 5
30 2
30 3
31 15
31 14
31 13
31 12
31 11
31 10
31 9
31 8
31 7
31 6
31 5
31 4
31 3
31 2
31 1
866866697
