50 50
4 1 47 44 24 48 21 33 16 38 36 15 37 28 9 27 18 17 35 49 20 13 3 42 12 10 8 45 5 31 43 46 14 39 19 11 2 34 50 23 29 6 41 25 32 30 22 40 7 26
1 1 36 59503
1 20 39 12067
1 6 35 43891
1 11 50 59787
1 3 33 4181
3 41 33
1 1 50 47896
1 2 30 26582
1 25 50 32799
1 21 34 69627
1 21 50 13684
1 19 40 95847
1 10 15 11540
1 1 50 85944
1 23 37 95693
1 17 23 40759
1 14 48 27175
1 15 18 27078
1 38 48 67597
1 4 35 45987
1 5 46 1310
2 29 40
2 37 41
2 2 49
2 24 28
2 8 31
2 18 50
2 1 17
2 19 31
2 18 33
2 1 50
2 9 38
2 3 39
2 11 49
2 9 45
2 3 50
2 2 44
2 2 37
2 4 34
2 16 43
2 1 48
2 1 50
2 8 11
2 26 39
2 4 13
2 16 31
2 30 37
2 7 36
2 28 34
2 7 50
